# t	 x	 y
0.0000000000	0.0000000000	0.0000000000
0.0100000000	0.0009882299	0.1976183128
0.0200000000	0.0039517869	0.3950628296
0.0300000000	0.0088888551	0.5923179256
0.0400000000	0.0157974620	0.7893679803
0.0500000000	0.0246754791	0.9861973561
0.0600000000	0.0355206212	1.1827903564
0.0700000000	0.0483304455	1.3791311557
0.0800000000	0.0631023501	1.5752036967
0.0900000000	0.0798335704	1.7709915459
0.1000000000	0.0985211753	1.9664777020
0.1100000000	0.1191620593	2.1616443519
0.1200000000	0.1417529340	2.3564725654
0.1300000000	0.1662903143	2.5509419246
0.1400000000	0.1927705016	2.7450300817
0.1500000000	0.2211895622	2.9387122380
0.1600000000	0.2515432997	3.1319605398
0.1700000000	0.2838272210	3.3247433849
0.1800000000	0.3180364948	3.5170246354
0.1900000000	0.3541659024	3.7087627303
0.2000000000	0.3922097781	3.8999096948
0.2100000000	0.4321619399	4.0904100415
0.2200000000	0.4740156083	4.2801995595
0.2300000000	0.5177633127	4.4692039896
0.2400000000	0.5633967837	4.6573375817
0.2500000000	0.6109068304	4.8445015344
0.2600000000	0.6602832018	5.0305823162
0.2700000000	0.7115144303	5.2154498688
0.2800000000	0.7645876575	5.3989556961
0.2900000000	0.8194884392	5.5809308432
0.3000000000	0.8762005305	5.7611837715
0.3100000000	0.9347056493	5.9394981404
0.3200000000	0.9949832162	6.1156305062
0.3300000000	1.0570100723	6.2893079558
0.3400000000	1.1207601719	6.4602256937
0.3500000000	1.1862042519	6.6280446056
0.3600000000	1.2533094766	6.7923888293
0.3700000000	1.3220390575	6.9528433659
0.3800000000	1.3923518510	7.1089517717
0.3900000000	1.4642019328	7.2602139784
0.4000000000	1.5375381513	7.4060842953
0.4100000000	1.6123036623	7.5459696531
0.4200000000	1.6884354480	7.6792281608
0.4300000000	1.7658638232	7.8051680494
0.4400000000	1.8445119325	7.9230470876
0.4500000000	1.9242952460	8.0320725602
0.4600000000	2.0051210563	8.1314019066
0.4700000000	2.0868879869	8.2201441209
0.4800000000	2.1694855179	8.2973620213
0.4900000000	2.2527935399	8.3620754946
0.5000000000	2.3366819453	8.4132658232
0.5100000000	2.4210102686	8.4498811958
0.5200000000	2.5056273886	8.4708434941
0.5300000000	2.5903713047	8.4750564373
0.5400000000	2.6750690020	8.4614151438
0.5500000000	2.7595364189	8.4288171486
0.5600000000	2.8435785327	8.3761748839
0.5700000000	2.9269895771	8.3024295939
0.5800000000	3.0095534050	8.2065666111
0.5900000000	3.0910440118	8.0876318768
0.6000000000	3.1712262280	7.9447495312
0.6100000000	3.2498565931	7.7771403435
0.6200000000	3.3266844161	7.5841406957
0.6300000000	3.4014530281	7.3652217699
0.6400000000	3.4739012252	7.1200085395
0.6500000000	3.5437648989	6.8482981069
0.6600000000	3.6107788445	6.5500768969
0.6700000000	3.6746787337	6.2255361789
0.6800000000	3.7352032315	5.8750853803
0.6900000000	3.7920962334	5.4993626606
0.7000000000	3.8451091920	5.0992422349
0.7100000000	3.8940034988	4.6758379915
0.7200000000	3.9385528827	4.2305030129
0.7300000000	3.9785457807	3.7648247057
0.7400000000	4.0137876381	3.2806153604
0.7500000000	4.0441030910	2.7798980882
0.7600000000	4.0693379848	2.2648882280
0.7700000000	4.0893611862	1.7379704649
0.7800000000	4.1040661452	1.2016720477
0.7900000000	4.1133721729	0.6586326348
0.8000000000	4.1172254030	0.1115714222
0.8100000000	4.1155994146	-0.4367476887
0.8200000000	4.1084954996	-0.9835520512
0.8300000000	4.0959425695	-1.5260964843
0.8400000000	4.0779967014	-2.0616988466
0.8500000000	4.0547403360	-2.5877741109
0.8600000000	4.0262811453	-3.1018661363
0.8700000000	3.9927505970	-3.6016764205
0.8800000000	3.9543022496	-4.0850892312
0.8900000000	3.9111098152	-4.5501926442
0.9000000000	3.8633650355	-4.9952951648
0.9100000000	3.8112754126	-5.4189377538
0.9200000000	3.7550618440	-5.8199012284
0.9300000000	3.6949562060	-6.1972091460
0.9400000000	3.6311989296	-6.5501264032
0.9500000000	3.5640366109	-6.8781538857
0.9600000000	3.4937196928	-7.1810195907
0.9700000000	3.4205002511	-7.4586667049
0.9800000000	3.3446299130	-7.7112391570
0.9900000000	3.2663579304	-7.9390651840
1.0000000000	3.1859294253	-8.1426394432
1.0100000000	3.1035838194	-8.3226041834
1.0200000000	3.0195534537	-8.4797299550
1.0300000000	2.9340624033	-8.6148962893
1.0400000000	2.8473254818	-8.7290727281
1.0500000000	2.7595474342	-8.8233005259
1.0600000000	2.6709223072	-8.8986752870
1.0700000000	2.5816329876	-8.9563307420
1.0800000000	2.4918508971	-8.9974238153
1.0900000000	2.4017358293	-9.0231210797
1.1000000000	2.3114359149	-9.0345866524
1.1100000000	2.2210877004	-9.0329715443
1.1200000000	2.1308163271	-9.0194044427
1.1300000000	2.0407357940	-8.9949838773
1.1400000000	1.9509492934	-8.9607717027
1.1500000000	1.8615496049	-8.9177878084
1.1600000000	1.7726195369	-8.8670059610
1.1700000000	1.6842324040	-8.8093506752
1.1800000000	1.5964525318	-8.7456950056
1.1900000000	1.5093357786	-8.6768591540
1.2000000000	1.4229300679	-8.6036097863
1.2100000000	1.3372759252	-8.5266599616
1.2200000000	1.2524070113	-8.4466695773
1.2300000000	1.1683506507	-8.3642462441
1.2400000000	1.0851283482	-8.2799465112
1.2500000000	1.0027562921	-8.1942773698
1.2600000000	0.9212458416	-8.1076979701
1.2700000000	0.8406039960	-8.0206214955
1.2800000000	0.7608338441	-7.9334171450
1.2900000000	0.6819349943	-7.8464121809
1.3000000000	0.6039039834	-7.7598940062
1.3100000000	0.5267346647	-7.6741122411
1.3200000000	0.4504185759	-7.5892807749
1.3300000000	0.3749452857	-7.5055797722
1.3400000000	0.3003027220	-7.4231576196
1.3500000000	0.2264774797	-7.3421327992
1.3600000000	0.1534551109	-7.2625956818
1.3700000000	0.0812203975	-7.1846102346
1.3800000000	0.0097576068	-7.1082156396
1.3900000000	-0.0609492680	-7.0334278218
1.4000000000	-0.1309162829	-6.9602408895
1.4100000000	-0.2001593314	-6.8886284879
1.4200000000	-0.2686939466	-6.8185450709
1.4300000000	-0.3365351151	-6.7499270945
1.4400000000	-0.4036971029	-6.6826941400
1.4500000000	-0.4701932917	-6.6167499705
1.4600000000	-0.5360360260	-6.5519835306
1.4700000000	-0.6012364697	-6.4882698948
1.4800000000	-0.6658044718	-6.4254711727
1.4900000000	-0.7297484412	-6.3634373798
1.5000000000	-0.7930752302	-6.3020072812
1.5100000000	-0.8557900255	-6.2410092162
1.5200000000	-0.9178962490	-6.1802619133
1.5300000000	-0.9793954649	-6.1195753012
1.5400000000	-1.0402872961	-6.0587513260
1.5500000000	-1.1005693485	-5.9975847803
1.5600000000	-1.1602371439	-5.9358641529
1.5700000000	-1.2192840607	-5.8733725047
1.5800000000	-1.2777012851	-5.8098883775
1.5900000000	-1.3354777694	-5.7451867417
1.6000000000	-1.3926002025	-5.6790399877
1.6100000000	-1.4490529881	-5.6112189649
1.6200000000	-1.5048182355	-5.5414940724
1.6300000000	-1.5598757604	-5.4696364034
1.6400000000	-1.6142030978	-5.3954189441
1.6500000000	-1.6677755275	-5.3186178291
1.6600000000	-1.7205661115	-5.2390136494
1.6700000000	-1.7725457458	-5.1563928133
1.6800000000	-1.8236832253	-5.0705489545
1.6900000000	-1.8739453237	-4.9812843829
1.7000000000	-1.9232968869	-4.8884115707
1.7100000000	-1.9717009431	-4.7917546650
1.7200000000	-2.0191188263	-4.6911510180
1.7300000000	-2.0655103166	-4.5864527213
1.7400000000	-2.1108337953	-4.4775281326
1.7500000000	-2.1550464146	-4.3642633790
1.7600000000	-2.1981042829	-4.2465638215
1.7700000000	-2.2399626645	-4.1243554643
1.7800000000	-2.2805761925	-3.9975862885
1.7900000000	-2.3198990948	-3.8662274943
1.8000000000	-2.3578854322	-3.7302746306
1.8100000000	-2.3944893470	-3.5897485939
1.8200000000	-2.4296653208	-3.4446964762
1.8300000000	-2.4633684399	-3.2951922455
1.8400000000	-2.4955546669	-3.1413372397
1.8500000000	-2.5261811160	-2.9832604593
1.8600000000	-2.5552063299	-2.8211186449
1.8700000000	-2.5825905570	-2.6550961266
1.8800000000	-2.6082960256	-2.4854044377
1.8900000000	-2.6322872126	-2.3122816859
1.9000000000	-2.6545311054	-2.1359916784
1.9100000000	-2.6749974534	-1.9568228032
1.9200000000	-2.6936590072	-1.7750866690
1.9300000000	-2.7104917430	-1.5911165130
1.9400000000	-2.7254750703	-1.4052653876
1.9500000000	-2.7385920195	-1.2179041421
1.9600000000	-2.7498294097	-1.0294192176
1.9700000000	-2.7591779923	-0.8402102777
1.9800000000	-2.7666325713	-0.6506877009
1.9900000000	-2.7721920969	-0.4612699603
2.0000000000	-2.7758597336	-0.2723809229
2.0100000000	-2.7776428998	-0.0844470976
2.0200000000	-2.7775532808	0.1021051351
2.0300000000	-2.7756068137	0.2868522790
2.0400000000	-2.7718236445	0.4693764321
2.0500000000	-2.7662280594	0.6492679197
2.0600000000	-2.7588483899	0.8261278190
2.0700000000	-2.7497168924	0.9995703502
2.0800000000	-2.7388696066	1.1692251060
2.0900000000	-2.7263461904	1.3347391000
2.1000000000	-2.7121897369	1.4957786121
2.1100000000	-2.6964465730	1.6520308173
2.1200000000	-2.6791660436	1.8032051856
2.1300000000	-2.6604002824	1.9490346438
2.1400000000	-2.6402039726	2.0892764964
2.1500000000	-2.6186340998	2.2237131041
2.1600000000	-2.5957496983	2.3521523216
2.1700000000	-2.5716115959	2.4744277038
2.1800000000	-2.5462821560	2.5903984860
2.1900000000	-2.5198250223	2.6999493523
2.2000000000	-2.4923048662	2.8029900050
2.2100000000	-2.4637871392	2.8994545514
2.2200000000	-2.4343378331	2.9893007258
2.2300000000	-2.4040232480	3.0725089640
2.2400000000	-2.3729097703	3.1490813506
2.2500000000	-2.3410636624	3.2190404588
2.2600000000	-2.3085508633	3.2824281012
2.2700000000	-2.2754368036	3.3393040116
2.2800000000	-2.2417862323	3.3897444763
2.2900000000	-2.2076630587	3.4338409324
2.3000000000	-2.1731302079	3.4716985498
2.3100000000	-2.1382494905	3.5034348124
2.3200000000	-2.1030814866	3.5291781128
2.3300000000	-2.0676854437	3.5490663724
2.3400000000	-2.0321191878	3.5632456993
2.3500000000	-1.9964390486	3.5718690924
2.3600000000	-1.9606997962	3.5750952007
2.3700000000	-1.9249545911	3.5730871446
2.3800000000	-1.8892549451	3.5660114036
2.3900000000	-1.8536506924	3.5540367761
2.4000000000	-1.8181899718	3.5373334125
2.4100000000	-1.7829192178	3.5160719245
2.4200000000	-1.7478831596	3.4904225704
2.4300000000	-1.7131248289	3.4605545167
2.4400000000	-1.6786855738	3.4266351756
2.4500000000	-1.6446050798	3.3888296148
2.4600000000	-1.6109213953	3.3473000394
2.4700000000	-1.5776709632	3.3022053419
2.4800000000	-1.5448886554	3.2537007177
2.4900000000	-1.5126078119	3.2019373415
2.5000000000	-1.4808602820	3.1470621031
2.5100000000	-1.4496764687	3.0892173962
2.5200000000	-1.4190853739	3.0285409582
2.5300000000	-1.3891146461	2.9651657558
2.5400000000	-1.3597906282	2.8992199132
2.5500000000	-1.3311384064	2.8308266786
2.5600000000	-1.3031818587	2.7601044254
2.5700000000	-1.2759437036	2.6871666845
2.5800000000	-1.2494455482	2.6121222037
2.5900000000	-1.2237079358	2.5350750317
2.6000000000	-1.1987503923	2.4561246228
2.6100000000	-1.1745914715	2.3753659599
2.6200000000	-1.1512487990	2.2928896928
2.6300000000	-1.1287391153	2.2087822891
2.6400000000	-1.1070783161	2.1231261959
2.6500000000	-1.0862814922	2.0360000096
2.6600000000	-1.0663629670	1.9474786526
2.6700000000	-1.0473363321	1.8576335546
2.6800000000	-1.0292144818	1.7665328368
2.6900000000	-1.0120096446	1.6742414991
2.7000000000	-0.9957334141	1.5808216067
2.7100000000	-0.9803967769	1.4863324782
2.7200000000	-0.9660101398	1.3908308714
2.7300000000	-0.9525833535	1.2943711683
2.7400000000	-0.9401257364	1.1970055579
2.7500000000	-0.9286460951	1.0987842161
2.7600000000	-0.9181527436	0.9997554836
2.7700000000	-0.9086535213	0.8999660405
2.7800000000	-0.9001558081	0.7994610784
2.7900000000	-0.8926665388	0.6982844689
2.8000000000	-0.8861922153	0.5964789312
2.8100000000	-0.8807389176	0.4940861953
2.8200000000	-0.8763123125	0.3911471651
2.8300000000	-0.8729176612	0.2877020788
2.8400000000	-0.8705598254	0.1837906688
2.8500000000	-0.8692432711	0.0794523202
2.8600000000	-0.8689720715	-0.0252737690
2.8700000000	-0.8697499083	-0.1303484290
2.8800000000	-0.8715800709	-0.2357323569
2.8900000000	-0.8744654543	-0.3413859533
2.9000000000	-0.8784085553	-0.4472691569
2.9100000000	-0.8834114671	-0.5533412753
2.9200000000	-0.8894758721	-0.6595608118
2.9300000000	-0.8966030330	-0.7658852874
2.9400000000	-0.9047937820	-0.8722710576
2.9500000000	-0.9140485083	-0.9786731223
2.9600000000	-0.9243671434	-1.0850449301
2.9700000000	-0.9357491448	-1.1913381743
2.9800000000	-0.9481934771	-1.2975025811
2.9900000000	-0.9616985917	-1.4034856902
3.0000000000	-0.9762624034	-1.5092326257
3.0100000000	-0.9918822649	-1.6146858588
3.0200000000	-1.0085549397	-1.7197849607
3.0300000000	-1.0262765713	-1.8244663464
3.0400000000	-1.0450426504	-1.9286630097
3.0500000000	-1.0648479795	-2.0323042487
3.0600000000	-1.0856866345	-2.1353153831
3.0700000000	-1.1075519231	-2.2376174635
3.0800000000	-1.1304363412	-2.3391269736
3.0900000000	-1.1543315254	-2.4397555264
3.1000000000	-1.1792282026	-2.5394095559
3.1100000000	-1.2051161371	-2.6379900051
3.1200000000	-1.2319840738	-2.7353920139
3.1300000000	-1.2598196785	-2.8315046073
3.1400000000	-1.2886094756	-2.9262103876
3.1500000000	-1.3183387822	-3.0193852333
3.1600000000	-1.3489916391	-3.1108980084
3.1700000000	-1.3805507397	-3.2006102856
3.1800000000	-1.4129973555	-3.2883760873
3.1900000000	-1.4463112596	-3.3740416503
3.2000000000	-1.4804706474	-3.4574452186
3.2100000000	-1.5154520564	-3.5384168690
3.2200000000	-1.5512302832	-3.6167783783
3.2300000000	-1.5877783003	-3.6923431358
3.2400000000	-1.6250671721	-3.7649161096
3.2500000000	-1.6630659706	-3.8342938746
3.2600000000	-1.7017416920	-3.9002647083
3.2700000000	-1.7410591744	-3.9626087639
3.2800000000	-1.7809810179	-4.0210983289
3.2900000000	-1.8214675075	-4.0754981763
3.3000000000	-1.8624765404	-4.1255660189
3.3100000000	-1.9039635577	-4.1710530735
3.3200000000	-1.9458814831	-4.2117047434
3.3300000000	-1.9881806686	-4.2472614277
3.3400000000	-2.0308088489	-4.2774594628
3.3500000000	-2.0737111065	-4.3020322045
3.3600000000	-2.1168298471	-4.3207112533
3.3700000000	-2.1601047899	-4.3332278288
3.3800000000	-2.2034729702	-4.3393142942
3.3900000000	-2.2468687597	-4.3387058314
3.4000000000	-2.2902239038	-4.3311422655
3.4100000000	-2.3334675771	-4.3163700326
3.4200000000	-2.3765264606	-4.2941442873
3.4300000000	-2.4193248396	-4.2642311359
3.4400000000	-2.4617847251	-4.2264099854
3.4500000000	-2.5038259987	-4.1804759910
3.4600000000	-2.5453665828	-4.1262425813
3.4700000000	-2.5863226361	-4.0635440399
3.4800000000	-2.6266087756	-3.9922381147
3.4900000000	-2.6661383235	-3.9122086260
3.5000000000	-2.7048235817	-3.8233680398
3.5100000000	-2.7425761304	-3.7256599703
3.5200000000	-2.7793071514	-3.6190615725
3.5300000000	-2.8149277755	-3.5035857859
3.5400000000	-2.8493494503	-3.3792833857
3.5500000000	-2.8824843281	-3.2462448012
3.5600000000	-2.9142456702	-3.1046016586
3.5700000000	-2.9445482655	-2.9545280080
3.5800000000	-2.9733088592	-2.7962411961
3.5900000000	-3.0004465887	-2.6300023508
3.6000000000	-3.0258834221	-2.4561164454
3.6100000000	-3.0495445950	-2.2749319185
3.6200000000	-3.0713590412	-2.0868398298
3.6300000000	-3.0912598133	-1.8922725405
3.6400000000	-3.1091844864	-1.6917019139
3.6500000000	-3.1250755426	-1.4856370395
3.6600000000	-3.1388807298	-1.2746214955
3.6700000000	-3.1505533910	-1.0592301697
3.6800000000	-3.1600527598	-0.8400656699
3.6900000000	-3.1673442183	-0.6177543628
3.7000000000	-3.1723995132	-0.3929420876
3.7100000000	-3.1751969281	-0.1662895983
3.7200000000	-3.1757214089	0.0615322059
3.7300000000	-3.1739646407	0.2898471990
3.7400000000	-3.1699250755	0.5179790255
3.7500000000	-3.1636079087	0.7452561104
3.7600000000	-3.1550250072	0.9710166097
3.7700000000	-3.1441947874	1.1946132343
3.7800000000	-3.1311420464	1.4154178828
3.7900000000	-3.1158977482	1.6328260188
3.8000000000	-3.0984987669	1.8462607411
3.8100000000	-3.0789875922	2.0551764938
3.8200000000	-3.0574119984	2.2590623769
3.8300000000	-3.0338246836	2.4574450231
3.8400000000	-3.0082828813	2.6498910166
3.8500000000	-2.9808479513	2.8360088363
3.8600000000	-2.9515849529	3.0154503182
3.8700000000	-2.9205622060	3.1879116366
3.8800000000	-2.8878508444	3.3531338142
3.8900000000	-2.8535243675	3.5109027775
3.9000000000	-2.8176581919	3.6610489802
3.9100000000	-2.7803292103	3.8034466249
3.9200000000	-2.7416153593	3.9380125142
3.9300000000	-2.7015952004	4.0647045714
3.9400000000	-2.6603475176	4.1835200679
3.9500000000	-2.6179509337	4.2944936005
3.9600000000	-2.5744835483	4.3976948603
3.9700000000	-2.5300225983	4.4932262349
3.9800000000	-2.4846441438	4.5812202850
3.9900000000	-2.4384227794	4.6618371352
4.0000000000	-2.3914313715	4.7352618156
4.0100000000	-2.3437408230	4.8017015888
4.0200000000	-2.2954198639	4.8613832932
4.0300000000	-2.2465348690	4.9145507318
4.0400000000	-2.1971497008	4.9614621299
4.0500000000	-2.1473255776	5.0023876829
4.0600000000	-2.0971209659	5.0376072137
4.0700000000	-2.0465914949	5.0674079506
4.0800000000	-1.9957898936	5.0920824401
4.0900000000	-1.9447659468	5.1119266010
4.1000000000	-1.8935664708	5.1272379248
4.1100000000	-1.8422353064	5.1383138266
4.1200000000	-1.7908133265	5.1454501451
4.1300000000	-1.7393384594	5.1489397921
4.1400000000	-1.6878457242	5.1490715469
4.1500000000	-1.6363672769	5.1461289919
4.1600000000	-1.5849324680	5.1403895826
4.1700000000	-1.5335679073	5.1321238468
4.1800000000	-1.4822975369	5.1215947038
4.1900000000	-1.4311427099	5.1090568973
4.2000000000	-1.3801222753	5.0947565320
4.2100000000	-1.3292526654	5.0789307074
4.2200000000	-1.2785479879	5.0618072382
4.2300000000	-1.2280201197	5.0436044549
4.2400000000	-1.1776788022	5.0245310743
4.2500000000	-1.1275317381	5.0047861340
4.2600000000	-1.0775846882	4.9845589813
4.2700000000	-1.0278415682	4.9640293111
4.2800000000	-0.9783045446	4.9433672435
4.2900000000	-0.9289741304	4.9227334372
4.3000000000	-0.8798492785	4.9022792313
4.3100000000	-0.8309274745	4.8821468089
4.3200000000	-0.7822048269	4.8624693803
4.3300000000	-0.7336761567	4.8433713774
4.3400000000	-0.6853350830	4.8249686584
4.3500000000	-0.6371741087	4.8073687161
4.3600000000	-0.5891847027	4.7906708884
4.3700000000	-0.5413573804	4.7749665662
4.3800000000	-0.4936817820	4.7603393971
4.3900000000	-0.4461467493	4.7468654815
4.4000000000	-0.3987404001	4.7346135592
4.4100000000	-0.3514502006	4.7236451851
4.4200000000	-0.3042630371	4.7140148910
4.4300000000	-0.2571652846	4.7057703331
4.4400000000	-0.2101428758	4.6989524239
4.4500000000	-0.1631813673	4.6935954465
4.4600000000	-0.1162660056	4.6897271512
4.4700000000	-0.0693817919	4.6873688340
4.4800000000	-0.0225135468	4.6865353949
4.4900000000	0.0243540265	4.6872353773
4.5000000000	0.0712362786	4.6894709874
4.5100000000	0.1181485503	4.6932380925
4.5200000000	0.1651061096	4.6985262005
4.5300000000	0.2121240872	4.7053184183
4.5400000000	0.2592174129	4.7135913905
4.5500000000	0.3064007503	4.7233152189
4.5600000000	0.3536884307	4.7344533623
4.5700000000	0.4010943866	4.7469625188
4.5800000000	0.4486320829	4.7607924894
4.5900000000	0.4963144473	4.7758860261
4.6000000000	0.5441537994	4.7921786640
4.6100000000	0.5921617770	4.8095985390
4.6200000000	0.6403492617	4.8280661939
4.6300000000	0.6887263016	4.8474943738
4.6400000000	0.7373020323	4.8677878120
4.6500000000	0.7860845959	4.8888430115
4.6600000000	0.8350810574	4.9105480223
4.6700000000	0.8842973190	4.9327822184
4.6800000000	0.9337380327	4.9554160789
4.6900000000	0.9834065095	4.9783109755
4.7000000000	1.0333046279	5.0013189717
4.7100000000	1.0834327398	5.0242826380
4.7200000000	1.1337895746	5.0470348889
4.7300000000	1.1843721419	5.0693988454
4.7400000000	1.2351756332	5.0911877319
4.7500000000	1.2861933225	5.1122048117
4.7600000000	1.3374164663	5.1322433687
4.7700000000	1.3888342045	5.1510867441
4.7800000000	1.4404334609	5.1685084332
4.7900000000	1.4921988456	5.1842722534
4.8000000000	1.5441125597	5.1981325903
4.8100000000	1.5961543022	5.2098347303
4.8200000000	1.6483011812	5.2191152904
4.8300000000	1.7005276299	5.2257027520
4.8400000000	1.7528053282	5.2293181092
4.8500000000	1.8051031317	5.2296756393
4.8600000000	1.8573870089	5.2264838034
4.8700000000	1.9096199881	5.2194462856
4.8800000000	1.9617621155	5.2082631765
4.8900000000	2.0137704255	5.1926323065
4.9000000000	2.0655989258	5.1722507339
4.9100000000	2.1171985977	5.1468163889
4.9200000000	2.1685174134	5.1160298754
4.9300000000	2.2195003727	5.0795964276
4.9400000000	2.2700895597	5.0372280184
4.9500000000	2.3202242210	4.9886456112
4.9600000000	2.3698408680	4.9335815458
4.9700000000	2.4188734024	4.8717820452
4.9800000000	2.4672532688	4.8030098248
4.9900000000	2.5149096322	4.7270467859
5.0000000000	2.5617695843	4.6436967660
5.0100000000	2.6077583762	4.5527883216
5.0200000000	2.6527996799	4.4541775089
5.0300000000	2.6968158770	4.3477506292
5.0400000000	2.7397283743	4.2334269005
5.0500000000	2.7814579461	4.1111610156
5.0600000000	2.8219251012	3.9809455426
5.0700000000	2.8610504727	3.8428131264
5.0800000000	2.8987552287	3.6968384442
5.0900000000	2.9349615014	3.5431398730
5.1000000000	2.9695928309	3.3818808250
5.1100000000	3.0025746208	3.2132707124
5.1200000000	3.0338346013	3.0375655022
5.1300000000	3.0633032958	2.8550678311
5.1400000000	3.0909144860	2.6661266523
5.1500000000	3.1166056715	2.4711363949
5.1600000000	3.1403185183	2.2705356230
5.1700000000	3.1619992910	2.0648051903
5.1800000000	3.1815992648	1.8544658942
5.1900000000	3.1990751109	1.6400756447
5.2000000000	3.2143892517	1.4222261681
5.2100000000	3.2275101804	1.2015392817
5.2200000000	3.2384127422	0.9786627764
5.2300000000	3.2470783713	0.7542659603
5.2400000000	3.2534952830	0.5290349161
5.2500000000	3.2576586168	0.3036675386
5.2600000000	3.2595705289	0.0788684169
5.2700000000	3.2592402331	-0.1446563658
5.2800000000	3.2566839901	-0.3662044429
5.2900000000	3.2519250437	-0.5850823128
5.3000000000	3.2449935080	-0.8006103526
5.3100000000	3.2359262033	-1.0121276292
5.3200000000	3.2247664470	-1.2189964453
5.3300000000	3.2115637996	-1.4206065589
5.3400000000	3.1963737703	-1.6163790297
5.3500000000	3.1792574870	-1.8057696466
5.3600000000	3.1602813333	-1.9882719027
5.3700000000	3.1395165589	-2.1634194936
5.3800000000	3.1170388667	-2.3307883236
5.3900000000	3.0929279834	-2.4899980107
5.4000000000	3.0672672163	-2.6407128969
5.4100000000	3.0401430032	-2.7826425705
5.4200000000	3.0116444596	-2.9155419224
5.4300000000	2.9818629269	-3.0392107586
5.4400000000	2.9508915270	-3.1534930025
5.4500000000	2.9188247266	-3.2582755210
5.4600000000	2.8857579155	-3.3534866147
5.4700000000	2.8517870005	-3.4390942141
5.4800000000	2.8170080193	-3.5151038259
5.4900000000	2.7815167763	-3.5815562719
5.5000000000	2.7454085008	-3.6385252671
5.5100000000	2.7087775313	-3.6861148760
5.5200000000	2.6717170247	-3.7244568919
5.5300000000	2.6343186925	-3.7537081728
5.5400000000	2.5966725631	-3.7740479741
5.5500000000	2.5588667718	-3.7856753054
5.5600000000	2.5209873756	-3.7888063436
5.5700000000	2.4831181944	-3.7836719246
5.5800000000	2.4453406766	-3.7705151367
5.5900000000	2.4077337880	-3.7495890311
5.6000000000	2.3703739231	-3.7211544655
5.6100000000	2.3333348373	-3.6854780902
5.6200000000	2.2966875982	-3.6428304847
5.6300000000	2.2605005554	-3.5934844496
5.6400000000	2.2248393257	-3.5377134559
5.6500000000	2.1897667937	-3.4757902507
5.6600000000	2.1553431257	-3.4079856191
5.6700000000	2.1216257941	-3.3345672968
5.6800000000	2.0886696135	-3.2557990285
5.6900000000	2.0565267842	-3.1719397663
5.7000000000	2.0252469439	-3.0832430013
5.7100000000	1.9948772250	-2.9899562186
5.7200000000	1.9654623170	-2.8923204701
5.7300000000	1.9370445321	-2.7905700539
5.7400000000	1.9096638747	-2.6849322945
5.7500000000	1.8833581110	-2.5756274126
5.7600000000	1.8581628409	-2.4628684776
5.7700000000	1.8341115694	-2.3468614349
5.7800000000	1.8112357772	-2.2278051993
5.7900000000	1.7895649903	-2.1058918081
5.8000000000	1.7691268479	-1.9813066263
5.8100000000	1.7499471681	-1.8542285981
5.8200000000	1.7320500103	-1.7248305390
5.8300000000	1.7154577349	-1.5932794626
5.8400000000	1.7001910599	-1.4597369378
5.8500000000	1.6862691133	-1.3243594719
5.8600000000	1.6737094814	-1.1872989165
5.8700000000	1.6625282538	-1.0487028917
5.8800000000	1.6527400629	-0.9087152270
5.8900000000	1.6443581202	-0.7674764161
5.9000000000	1.6373942467	-0.6251240834
5.9100000000	1.6318588998	-0.4817934603
5.9200000000	1.6277611943	-0.3376178715
5.9300000000	1.6251089194	-0.1927292275
5.9400000000	1.6239085501	-0.0472585257
5.9500000000	1.6241652539	0.0986636438
5.9600000000	1.6258828922	0.2449065851
5.9700000000	1.6290640170	0.3913389795
5.9800000000	1.6337098616	0.5378283624
5.9900000000	1.6398203269	0.6842405967
6.0000000000	1.6473939616	0.8304393412
6.0100000000	1.6564279381	0.9762855162
6.0200000000	1.6669180217	1.1216367662
6.0300000000	1.6788585359	1.2663469205
6.0400000000	1.6922423208	1.4102654542
6.0500000000	1.7070606875	1.5532369486
6.0600000000	1.7233033661	1.6951005563
6.0700000000	1.7409584488	1.8356894705
6.0800000000	1.7600123280	1.9748304028
6.0900000000	1.7804496283	2.1123430724
6.1000000000	1.8022531349	2.2480397117
6.1100000000	1.8254037156	2.3817245910
6.1200000000	1.8498802393	2.5131935697
6.1300000000	1.8756594895	2.6422336788
6.1400000000	1.9027160747	2.7686227421
6.1500000000	1.9310223338	2.8921290435
6.1600000000	1.9605482399	3.0125110490
6.1700000000	1.9912613006	3.1295171929
6.1800000000	2.0231264570	3.2428857374
6.1900000000	2.0561059820	3.3523447172
6.2000000000	2.0901593776	3.4576119808
6.2100000000	2.1252432739	3.5583953395
6.2200000000	2.1613113301	3.6543928382
6.2300000000	2.1983141387	3.7452931596
6.2400000000	2.2361991344	3.8307761762
6.2500000000	2.2749105094	3.9105136628
6.2600000000	2.3143891368	3.9841701824
6.2700000000	2.3545725037	4.0514041580
6.2800000000	2.3953946559	4.1118691422
6.2900000000	2.4367861566	4.1652152946
6.3000000000	2.4786740603	4.2110910755
6.3100000000	2.5209819058	4.2491451631
6.3200000000	2.5636297284	4.2790285977
6.3300000000	2.6065340955	4.3003971545
6.3400000000	2.6496081666	4.3129139418
6.3500000000	2.6927617807	4.3162522187
6.3600000000	2.7359015726	4.3100984213
6.3700000000	2.7789311206	4.2941553808
6.3800000000	2.8217511275	4.2681457130
6.3900000000	2.8642596358	4.2318153524
6.4000000000	2.9063522790	4.1849371974
6.4100000000	2.9479225700	4.1273148290
6.4200000000	2.9888622263	4.0587862584
6.4300000000	3.0290615336	3.9792276533
6.4400000000	3.0684097450	3.8885569886
6.4500000000	3.1067955172	3.7867375605
6.4600000000	3.1441073802	3.6737813034
6.4700000000	3.1802342398	3.5497518403
6.4800000000	3.2150659074	3.4147672033
6.4900000000	3.2484936570	3.2690021536
6.5000000000	3.2804108017	3.1126900384
6.5100000000	3.3107132868	2.9461241207
6.5200000000	3.3393002930	2.7696583261
6.5300000000	3.3660748445	2.5837073570
6.5400000000	3.3909444143	2.3887461320
6.5500000000	3.4138215208	2.1853085213
6.5600000000	3.4346243075	1.9739853589
6.5700000000	3.4532771006	1.7554217258
6.5800000000	3.4697109339	1.5303135140
6.5900000000	3.4838640374	1.2994032935
6.6000000000	3.4956822804	1.0634755221
6.6100000000	3.5051195642	0.8233511489
6.6200000000	3.5121381573	0.5798816810
6.6300000000	3.5167089698	0.3339427893
6.6400000000	3.5188117611	0.0864275466
6.6500000000	3.5184352792	-0.1617606043
6.6600000000	3.5155773284	-0.4097150467
6.6700000000	3.5102447651	-0.6565332393
6.6800000000	3.5024534205	-0.9013239084
6.6900000000	3.4922279528	-1.1432140729
6.7000000000	3.4796016304	-1.3813557959
6.7100000000	3.4646160490	-1.6149325639
6.7200000000	3.4473207876	-1.8431652036
6.7300000000	3.4277730076	-2.0653172569
6.7400000000	3.4060370011	-2.2806997480
6.7500000000	3.3821836953	-2.4886752888
6.7600000000	3.3562901188	-2.6886614856
6.7700000000	3.3284388377	-2.8801336230
6.7800000000	3.2987173685	-3.0626266169
6.7900000000	3.2672175748	-3.2357362414
6.8000000000	3.2340350558	-3.3991196490
6.8100000000	3.1992685328	-3.5524952147
6.8200000000	3.1630192399	-3.6956417448
6.8300000000	3.1253903269	-3.8283971000
6.8400000000	3.0864862772	-3.9506562915
6.8500000000	3.0464123480	-4.0623691098
6.8600000000	3.0052740363	-4.1635373534
6.8700000000	2.9631765737	-4.2542117244
6.8800000000	2.9202244543	-4.3344884574
6.8900000000	2.8765209969	-4.4045057488
6.9000000000	2.8321679439	-4.4644400487
6.9100000000	2.7872650980	-4.5145022758
6.9200000000	2.7419099958	-4.5549340103
6.9300000000	2.6961976208	-4.5860037140
6.9400000000	2.6502201530	-4.6080030231
6.9500000000	2.6040667549	-4.6212431519
6.9600000000	2.5578233938	-4.6260514400
6.9700000000	2.5115726965	-4.6227680696
6.9800000000	2.4653938368	-4.6117429752
6.9900000000	2.4193624525	-4.5933329613
7.0000000000	2.3735505901	-4.5678990379
7.0100000000	2.3280266753	-4.5358039832
7.0200000000	2.2828555065	-4.4974101333
7.0300000000	2.2380982692	-4.4530773987
7.0400000000	2.1938125696	-4.4031615057
7.0500000000	2.1500524838	-4.3480124519
7.0600000000	2.1068686223	-4.2879731719
7.0700000000	2.0643082065	-4.2233783987
7.0800000000	2.0224151553	-4.1545537122
7.0900000000	1.9812301812	-4.0818147608
7.1000000000	1.9407908921	-4.0054666432
7.1100000000	1.9011319001	-3.9258034375
7.1200000000	1.8622849328	-3.8431078641
7.1300000000	1.8242789485	-3.7576510688
7.1400000000	1.7871402523	-3.6696925139
7.1500000000	1.7508926132	-3.5794799641
7.1600000000	1.7155573808	-3.4872495566
7.1700000000	1.6811536010	-3.3932259426
7.1800000000	1.6476981297	-3.2976224917
7.1900000000	1.6152057444	-3.2006415480
7.2000000000	1.5836892531	-3.1024747298
7.2100000000	1.5531596000	-3.0033032648
7.2200000000	1.5236259674	-2.9032983530
7.2300000000	1.4950958739	-2.8026215512
7.2400000000	1.4675752696	-2.7014251731
7.2500000000	1.4410686254	-2.5998526997
7.2600000000	1.4155790202	-2.4980391950
7.2700000000	1.3911082225	-2.3961117245
7.2800000000	1.3676567683	-2.2941897710
7.2900000000	1.3452240353	-2.1923856466
7.3000000000	1.3238083118	-2.0908048975
7.3100000000	1.3034068630	-1.9895466999
7.3200000000	1.2840159928	-1.8887042453
7.3300000000	1.2656311012	-1.7883651137
7.3400000000	1.2482467391	-1.6886116342
7.3500000000	1.2318566589	-1.5895212319
7.3600000000	1.2164538620	-1.4911667603
7.3700000000	1.2020306425	-1.3936168200
7.3800000000	1.1885786288	-1.2969360622
7.3900000000	1.1760888212	-1.2011854781
7.4000000000	1.1645516271	-1.1064226733
7.4100000000	1.1539568940	-1.0127021292
7.4200000000	1.1442939387	-0.9200754491
7.4300000000	1.1355515759	-0.8285915924
7.4400000000	1.1277181427	-0.7382970945
7.4500000000	1.1207815221	-0.6492362750
7.4600000000	1.1147291642	-0.5614514337
7.4700000000	1.1095481055	-0.4749830349
7.4800000000	1.1052249863	-0.3898698807
7.4900000000	1.1017460663	-0.3061492740
7.5000000000	1.0990972393	-0.2238571715
7.5100000000	1.0972640455	-0.1430283266
7.5200000000	1.0962316831	-0.0636964237
7.5300000000	1.0959850182	0.0141057962
7.5400000000	1.0965085938	0.0903464186
7.5500000000	1.0977866374	0.1649942464
7.5600000000	1.0998030676	0.2380186982
7.5700000000	1.1025415000	0.3093897146
7.5800000000	1.1059852517	0.3790776710
7.5900000000	1.1101173457	0.4470532980
7.6000000000	1.1149205133	0.5132876078
7.6100000000	1.1203771976	0.5777518281
7.6200000000	1.1264695542	0.6404173419
7.6300000000	1.1331794537	0.7012556344
7.6400000000	1.1404884813	0.7602382459
7.6500000000	1.1483779382	0.8173367316
7.6600000000	1.1568288407	0.8725226273
7.6700000000	1.1658219204	0.9257674228
7.6800000000	1.1753376235	0.9770425406
7.6900000000	1.1853561101	1.0263193228
7.7000000000	1.1958572530	1.0735690235
7.7100000000	1.2068206375	1.1187628093
7.7200000000	1.2182255598	1.1618717667
7.7300000000	1.2300510268	1.2028669163
7.7400000000	1.2422757553	1.2417192347
7.7500000000	1.2548781719	1.2783996847
7.7600000000	1.2678364127	1.3128792521
7.7700000000	1.2811283242	1.3451289907
7.7800000000	1.2947314637	1.3751200757
7.7900000000	1.3086231014	1.4028238642
7.8000000000	1.3227802221	1.4282119644
7.8100000000	1.3371795282	1.4512563127
7.8200000000	1.3517974437	1.4719292584
7.8300000000	1.3666101183	1.4902036563
7.8400000000	1.3815934333	1.5060529679
7.8500000000	1.3967230081	1.5194513691
7.8600000000	1.4119742078	1.5303738654
7.8700000000	1.4273221524	1.5387964152
7.8800000000	1.4427417265	1.5446960577
7.8900000000	1.4582075915	1.5480510494
7.9000000000	1.4736941976	1.5488410038
7.9100000000	1.4891757987	1.5470470384
7.9200000000	1.5046264681	1.5426519241
7.9300000000	1.5200201156	1.5356402398
7.9400000000	1.5353305064	1.5259985287
7.9500000000	1.5505312819	1.5137154571
7.9600000000	1.5655959812	1.4987819733
7.9700000000	1.5804980650	1.4811914677
7.9800000000	1.5952109408	1.4609399297
7.9900000000	1.6097079896	1.4380261040
8.0000000000	1.6239625945	1.4124516412
8.0100000000	1.6379481698	1.3842212453
8.0200000000	1.6516381930	1.3533428131
8.0300000000	1.6650062371	1.3198275665
8.0400000000	1.6780260044	1.2836901762
8.0500000000	1.6906713614	1.2449488736
8.0600000000	1.7029163756	1.2036255515
8.0700000000	1.7147353517	1.1597458517
8.0800000000	1.7261028701	1.1133392371
8.0900000000	1.7369938251	1.0644390485
8.1000000000	1.7473834639	1.0130825442
8.1100000000	1.7572474261	0.9593109209
8.1200000000	1.7665617829	0.9031693159
8.1300000000	1.7753030766	0.8447067882
8.1400000000	1.7834483593	0.7839762799
8.1500000000	1.7909752320	0.7210345543
8.1600000000	1.7978618819	0.6559421136
8.1700000000	1.8040871195	0.5887630924
8.1800000000	1.8096304144	0.5195651304
8.1900000000	1.8144719294	0.4484192209
8.2000000000	1.8185925534	0.3753995386
8.2100000000	1.8219739319	0.3005832440
8.2200000000	1.8245984964	0.2240502679
8.2300000000	1.8264494902	0.1458830749
8.2400000000	1.8275109933	0.0661664080
8.2500000000	1.8277679429	-0.0150129854
8.2600000000	1.8272061529	-0.0975666439
8.2700000000	1.8258123289	-0.1814046970
8.2800000000	1.8235740810	-0.2664361844
8.2900000000	1.8204799329	-0.3525693855
8.3000000000	1.8165193281	-0.4397121597
8.3100000000	1.8116826319	-0.5277722929
8.3200000000	1.8059611308	-0.6166578493
8.3300000000	1.7993470278	-0.7062775267
8.3400000000	1.7918334341	-0.7965410118
8.3500000000	1.7834143579	-0.8873593334
8.3600000000	1.7740846887	-0.9786452127
8.3700000000	1.7638401790	-1.0703134057
8.3800000000	1.7526774221	-1.1622810387
8.3900000000	1.7405938269	-1.2544679316
8.4000000000	1.7275875894	-1.3467969092
8.4100000000	1.7136576609	-1.4391940979
8.4200000000	1.6988037139	-1.5315892052
8.4300000000	1.6830261047	-1.6239157821
8.4400000000	1.6663258340	-1.7161114643
8.4500000000	1.6487045047	-1.8081181941
8.4600000000	1.6301642779	-1.8998824187
8.4700000000	1.6107078269	-1.9913552663
8.4800000000	1.5903382899	-2.0824926976
8.4900000000	1.5690592206	-2.1732556334
8.5000000000	1.5468745383	-2.2636100564
8.5100000000	1.5237884767	-2.3535270884
8.5200000000	1.4998055327	-2.4429830415
8.5300000000	1.4749304137	-2.5319594450
8.5400000000	1.4491679857	-2.6204430456
8.5500000000	1.4225232216	-2.7084257842
8.5600000000	1.3950011486	-2.7959047473
8.5700000000	1.3666067980	-2.8828820949
8.5800000000	1.3373451543	-2.9693649652
8.5900000000	1.3072211063	-3.0553653559
8.6000000000	1.2762393990	-3.1408999843
8.6100000000	1.2444045876	-3.2259901257
8.6200000000	1.2117209920	-3.3106614308
8.6300000000	1.1781926551	-3.3949437235
8.6400000000	1.1438233011	-3.4788707794
8.6500000000	1.1086162981	-3.5624800854
8.6600000000	1.0725746216	-3.6458125803
8.6700000000	1.0357008217	-3.7289123785
8.6800000000	0.9979969927	-3.8118264756
8.6900000000	0.9594647457	-3.8946044361
8.7000000000	0.9201051848	-3.9772980637
8.7100000000	0.8799188862	-4.0599610548
8.7200000000	0.8389058815	-4.1426486327
8.7300000000	0.7970656436	-4.2254171644
8.7400000000	0.7543970779	-4.3083237575
8.7500000000	0.7108985168	-4.3914258379
8.7600000000	0.6665677185	-4.4747807062
8.7700000000	0.6214018711	-4.5584450714
8.7800000000	0.5753976002	-4.6424745621
8.7900000000	0.5285509828	-4.7269232112
8.8000000000	0.4808575661	-4.8118429148
8.8100000000	0.4323123908	-4.8972828611
8.8200000000	0.3829100222	-4.9832889290
8.8300000000	0.3326445859	-5.0699030530
8.8400000000	0.2815098105	-5.1571625519
8.8500000000	0.2294990777	-5.2450994205
8.8600000000	0.1766054787	-5.3337395789
8.8700000000	0.1228218793	-5.4231020800
8.8800000000	0.0681409925	-5.5131982696
8.8900000000	0.0125554603	-5.6040308995
8.9000000000	-0.0439420563	-5.6955931882
8.9100000000	-0.1013587765	-5.7878678301
8.9200000000	-0.1597016896	-5.8808259493
8.9300000000	-0.2189774335	-5.9744259969
8.9400000000	-0.2791921628	-6.0686125919
8.9500000000	-0.3403514037	-6.1633153042
8.9600000000	-0.4024598978	-6.2584473808
8.9700000000	-0.4655214320	-6.3539044172
8.9800000000	-0.5295386552	-6.4495629756
8.9900000000	-0.5945128808	-6.5452791548
9.0000000000	-0.6604438746	-6.6408871172
9.0100000000	-0.7273296282	-6.7361975802
9.0200000000	-0.7951661168	-6.8309962819
9.0300000000	-0.8639470417	-6.9250424330
9.0400000000	-0.9336635569	-7.0180671686
9.0500000000	-1.0043039813	-7.1097720201
9.0600000000	-1.0758534948	-7.1998274241
9.0700000000	-1.1482938202	-7.2878712971
9.0800000000	-1.2216028911	-7.3735077009
9.0900000000	-1.2957545077	-7.4563056331
9.1000000000	-1.3707179801	-7.5357979783
9.1100000000	-1.4464577633	-7.6114806618
9.1200000000	-1.5229330838	-7.6828120509
9.1300000000	-1.6000975631	-7.7492126543
9.1400000000	-1.6778988380	-7.8100651728
9.1500000000	-1.7562781855	-7.8647149600
9.1600000000	-1.8351701529	-7.9124709541
9.1700000000	-1.9145022004	-7.9526071439
9.1800000000	-1.9941943621	-7.9843646336
9.1900000000	-2.0741589297	-8.0069543729
9.2000000000	-2.1543001675	-8.0195606126
9.2100000000	-2.2345140665	-8.0213451479
9.2200000000	-2.3146881438	-8.0114524013
9.2300000000	-2.3947012986	-7.9890153887
9.2400000000	-2.4744237317	-7.9531626041
9.2500000000	-2.5537169379	-7.9030258383
9.2600000000	-2.6324337829	-7.8377489335
9.2700000000	-2.7104186709	-7.7564974500
9.2800000000	-2.7875078138	-7.6584692004
9.2900000000	-2.8635296097	-7.5429055748
9.3000000000	-2.9383051384	-7.4091035525
9.3100000000	-3.0116487794	-7.2564282622
9.3200000000	-3.0833689580	-7.0843259178
9.3300000000	-3.1532690220	-6.8923369250
9.3400000000	-3.2211482481	-6.6801089197
9.3500000000	-3.2868029789	-6.4474094697
9.3600000000	-3.3500278829	-6.1941381451
9.3700000000	-3.4106173312	-5.9203376450
9.3800000000	-3.4683668788	-5.6262036541
9.3900000000	-3.5230748382	-5.3120931028
9.4000000000	-3.5745439241	-4.9785305109
9.4100000000	-3.6225829530	-4.6262121173
9.4200000000	-3.6670085700	-4.2560075299
9.4300000000	-3.7076469801	-3.8689586752
9.4400000000	-3.7443356539	-3.4662758856
9.4500000000	-3.7769249801	-3.0493310290
9.4600000000	-3.8052798340	-2.6196476624
9.4700000000	-3.8292810327	-2.1788882753
9.4800000000	-3.8488266497	-1.7288387721
9.4900000000	-3.8638331601	-1.2713904299
9.5000000000	-3.8742363954	-0.8085196493
9.5100000000	-3.8799922853	-0.3422658867
9.5200000000	-3.8810773723	0.1252917793
9.5300000000	-3.8774890868	0.5920589488
9.5400000000	-3.8692457773	1.0559505399
9.5500000000	-3.8563864943	1.5149152261
9.5600000000	-3.8389705340	1.9669591369
9.5700000000	-3.8170767495	2.4101683148
9.5800000000	-3.7908026470	2.8427294633
9.5900000000	-3.7602632837	3.2629485793
9.6000000000	-3.7255899917	3.6692671337
9.6100000000	-3.6869289540	4.0602755439
9.6200000000	-3.6444396592	4.4347237659
9.6300000000	-3.5982932656	4.7915289190
9.6400000000	-3.5486709040	5.1297799424
9.6500000000	-3.4957619479	5.4487393583
9.6600000000	-3.4397622810	5.7478422889
9.6700000000	-3.3808725862	6.0266929335
9.6800000000	-3.3192966823	6.2850587617
9.6900000000	-3.2552399289	6.5228627118
9.7000000000	-3.1889077176	6.7401737119
9.7100000000	-3.1205040654	6.9371958476
9.7200000000	-3.0502303217	7.1142565036
9.7300000000	-2.9782839978	7.2717937973
9.7400000000	-2.9048577238	7.4103436017
9.7500000000	-2.8301383372	7.5305264360
9.7600000000	-2.7543061011	7.6330344667
9.7700000000	-2.6775340519	7.7186188368
9.7800000000	-2.5999874703	7.7880775010
9.7900000000	-2.5218234718	7.8422437158
9.8000000000	-2.4431907080	7.8819752952
9.8100000000	-2.3642291711	7.9081447175
9.8200000000	-2.2850700929	7.9216301338
9.8300000000	-2.2058359296	7.9233073081
9.8400000000	-2.1266404214	7.9140424932
9.8500000000	-2.0475887201	7.8946862292
9.8600000000	-1.9687775729	7.8660680347
9.8700000000	-1.8902955559	7.8289919499
9.8800000000	-1.8122233479	7.7842328786
9.8900000000	-1.7346340366	7.7325336728
9.9000000000	-1.6575934512	7.6746028965
9.9100000000	-1.5811605134	7.6111132042
9.9200000000	-1.5053876030	7.5427002692
9.9300000000	-1.4303209304	7.4699621982
9.9400000000	-1.3560009135	7.3934593697
9.9500000000	-1.2824625546	7.3137146371
9.9600000000	-1.2097358128	7.2312138419
9.9700000000	-1.1378459710	7.1464065861
9.9800000000	-1.0668139930	7.0597072161
9.9900000000	-0.9966568710	6.9714959764
10.0000000000	-0.9273879595	6.8821202952
10.0100000000	-0.8590172976	6.7918961685
10.0200000000	-0.7915519151	6.7011096120
10.0300000000	-0.7249961256	6.6100181578
10.0400000000	-0.6593518035	6.5188523714
10.0500000000	-0.5946186458	6.4278173721
10.0600000000	-0.5307944195	6.3370943408
10.0700000000	-0.4678751931	6.2468420030
10.0800000000	-0.4058555543	6.1571980754
10.0900000000	-0.3447288126	6.0682806707
10.1000000000	-0.2844871888	5.9801896510
10.1100000000	-0.2251219909	5.8930079289
10.1200000000	-0.1666237774	5.8068027105
10.1300000000	-0.1089825081	5.7216266802
10.1400000000	-0.0521876840	5.6375191259
10.1500000000	0.0037715242	5.5545070045
10.1600000000	0.0589061580	5.4726059499
10.1700000000	0.1132273628	5.3918212223
10.1800000000	0.1667462882	5.3121486039
10.1900000000	0.2194739979	5.2335752410
10.2000000000	0.2714213871	5.1560804351
10.2100000000	0.3225991081	5.0796363874
10.2200000000	0.3730175025	5.0042088974
10.2300000000	0.4226865406	4.9297580202
10.2400000000	0.4716157673	4.8562386841
10.2500000000	0.5198142534	4.7836012724
10.2600000000	0.5672905533	4.7117921718
10.2700000000	0.6140526671	4.6407542902
10.2800000000	0.6601080091	4.5704275460
10.2900000000	0.7054633795	4.5007493328
10.3000000000	0.7501249416	4.4316549605
10.3100000000	0.7940982034	4.3630780758
10.3200000000	0.8373880025	4.2949510639
10.3300000000	0.8799984958	4.2272054333
10.3400000000	0.9219331524	4.1597721855
10.3500000000	0.9631947503	4.0925821717
10.3600000000	1.0037853768	4.0255664360
10.3700000000	1.0437064319	3.9586565496
10.3800000000	1.0829586355	3.8917849327
10.3900000000	1.1215420369	3.8248851695
10.4000000000	1.1594560287	3.7578923133
10.4100000000	1.1966993625	3.6907431837
10.4200000000	1.2332701680	3.6233766571
10.4300000000	1.2691659754	3.5557339484
10.4400000000	1.3043837395	3.4877588856
10.4500000000	1.3389198680	3.4193981770
10.4600000000	1.3727702508	3.3506016699
10.4700000000	1.4059302933	3.2813226005
10.4800000000	1.4383949510	3.2115178352
10.4900000000	1.4701587673	3.1411481012
10.5000000000	1.5012159131	3.0701782074
10.5100000000	1.5315602286	2.9985772529
10.5200000000	1.5611852672	2.9263188226
10.5300000000	1.5900843416	2.8533811701
10.5400000000	1.6182505708	2.7797473846
10.5500000000	1.6456769298	2.7054055425
10.5600000000	1.6723562995	2.6303488416
10.5700000000	1.6982815193	2.5545757172
10.5800000000	1.7234454391	2.4780899380
10.5900000000	1.7478409738	2.4009006823
10.6000000000	1.7714611574	2.3230225922
10.6100000000	1.7942991975	2.2444758052
10.6200000000	1.8163485307	2.1652859623
10.6300000000	1.8376028777	2.0854841924
10.6400000000	1.8580562975	2.0051070715
10.6500000000	1.8777032419	1.9241965567
10.6600000000	1.8965386089	1.8427998953
10.6700000000	1.9145577948	1.7609695074
10.6800000000	1.9317567455	1.6787628440
10.6900000000	1.9481320058	1.5962422190
10.7000000000	1.9636807673	1.5134746173
10.7100000000	1.9784009136	1.4305314781
10.7200000000	1.9922910645	1.3474884559
10.7300000000	2.0053506157	1.2644251585
10.7400000000	2.0175797782	1.1814248655
10.7500000000	2.0289796124	1.0985742264
10.7600000000	2.0395520610	1.0159629421
10.7700000000	2.0492999775	0.9336834302
10.7800000000	2.0582271518	0.8518304771
10.7900000000	2.0663383318	0.7705008779
10.8000000000	2.0736392422	0.6897930677
10.8100000000	2.0801365983	0.6098067458
10.8200000000	2.0858381174	0.5306424944
10.8300000000	2.0907525254	0.4524013972
10.8400000000	2.0948895599	0.3751846559
10.8500000000	2.0982599695	0.2990932117
10.8600000000	2.1008755094	0.2242273701
10.8700000000	2.1027489331	0.1506864349
10.8800000000	2.1038939808	0.0785683505
10.8900000000	2.1043253635	0.0079693573
10.9000000000	2.1040587453	-0.0610163401
10.9100000000	2.1031107203	-0.1282968876
10.9200000000	2.1014987883	-0.1937830799
10.9300000000	2.0992413270	-0.2573886396
10.9400000000	2.0963575608	-0.3190304755
10.9500000000	2.0928675283	-0.3786289197
10.9600000000	2.0887920467	-0.4361079429
10.9700000000	2.0841526743	-0.4913953460
10.9800000000	2.0789716719	-0.5444229286
10.9900000000	2.0732719615	-0.5951266335
11.0000000000	2.0670770842	-0.6434466677
11.0100000000	2.0604111578	-0.6893275995
11.0200000000	2.0532988320	-0.7327184329
11.0300000000	2.0457652439	-0.7735726579
11.0400000000	2.0378359735	-0.8118482806
11.0500000000	2.0295369979	-0.8475078301
11.0600000000	2.0208946464	-0.8805183468
11.0700000000	2.0119355554	-0.9108513507
11.0800000000	2.0026866240	-0.9384827919
11.0900000000	1.9931749698	-0.9633929845
11.1000000000	1.9834278859	-0.9855665253
11.1100000000	1.9734727983	-1.0049921989
11.1200000000	1.9633372247	-1.0216628700
11.1300000000	1.9530487342	-1.0355753653
11.1400000000	1.9426349085	-1.0467303454
11.1500000000	1.9321233040	-1.0551321697
11.1600000000	1.9215414155	-1.0607887543
11.1700000000	1.9109166415	-1.0637114245
11.1800000000	1.9002762509	-1.0639147652
11.1900000000	1.8896473512	-1.0614164673
11.2000000000	1.8790568578	-1.0562371742
11.2100000000	1.8685314658	-1.0484003285
11.2200000000	1.8580976224	-1.0379320195
11.2300000000	1.8477815014	-1.0248608336
11.2400000000	1.8376089786	-1.0092177082
11.2500000000	1.8276056095	-0.9910357897
11.2600000000	1.8177966077	-0.9703502967
11.2700000000	1.8082068247	-0.9471983892
11.2800000000	1.7988607312	-0.9216190444
11.2900000000	1.7897823995	-0.8936529393
11.3000000000	1.7809954871	-0.8633423416
11.3100000000	1.7725232215	-0.8307310079
11.3200000000	1.7643883854	-0.7958640913
11.3300000000	1.7566133033	-0.7587880567
11.3400000000	1.7492198288	-0.7195506060
11.3500000000	1.7422293328	-0.6782006121
11.3600000000	1.7356626916	-0.6347880620
11.3700000000	1.7295402764	-0.5893640099
11.3800000000	1.7238819426	-0.5419805392
11.3900000000	1.7187070199	-0.4926907340
11.4000000000	1.7140343021	-0.4415486606
11.4100000000	1.7098820373	-0.3886093573
11.4200000000	1.7062679188	-0.3339288346
11.4300000000	1.7032090746	-0.2775640835
11.4400000000	1.7007220578	-0.2195730937
11.4500000000	1.6988228367	-0.1600148800
11.4600000000	1.6975267839	-0.0989495176
11.4700000000	1.6968486661	-0.0364381858
11.4800000000	1.6968026321	0.0274567798
11.4900000000	1.6974022018	0.0926718278
11.5000000000	1.6986602527	0.1591421224
11.5100000000	1.7005890075	0.2268014689
11.5200000000	1.7032000199	0.2955822309
11.5300000000	1.7065041594	0.3654152406
11.5400000000	1.7105115960	0.4362297033
11.5500000000	1.7152317830	0.5079530948
11.5600000000	1.7206734395	0.5805110536
11.5700000000	1.7268445313	0.6538272672
11.5800000000	1.7337522508	0.7278233541
11.5900000000	1.7414029958	0.8024187410
11.6000000000	1.7498023467	0.8775305362
11.6100000000	1.7589550431	0.9530734002
11.6200000000	1.7688649582	1.0289594136
11.6300000000	1.7795350727	1.1050979436
11.6400000000	1.7909674468	1.1813955097
11.6500000000	1.8031631910	1.2577556495
11.6600000000	1.8161224360	1.3340787866
11.6700000000	1.8298443002	1.4102621001
11.6800000000	1.8443268575	1.4861993986
11.6900000000	1.8595671021	1.5617809998
11.7000000000	1.8755609137	1.6368936168
11.7100000000	1.8923030206	1.7114202527
11.7200000000	1.9097869623	1.7852401071
11.7300000000	1.9280050507	1.8582284940
11.7400000000	1.9469483313	1.9302567752
11.7500000000	1.9666065431	2.0011923115
11.7600000000	1.9869680789	2.0708984326
11.7700000000	2.0080199441	2.1392344303
11.7800000000	2.0297477174	2.2060555771
11.7900000000	2.0521355100	2.2712131727
11.8000000000	2.0751659265	2.3345546221
11.8100000000	2.0988200268	2.3959235485
11.8200000000	2.1230772885	2.4551599434
11.8300000000	2.1479155719	2.5121003588
11.8400000000	2.1733110865	2.5665781433
11.8500000000	2.1992383604	2.6184237259
11.8600000000	2.2256702128	2.6674649509
11.8700000000	2.2525777301	2.7135274676
11.8800000000	2.2799302459	2.7564351755
11.8900000000	2.3076953262	2.7960107308
11.9000000000	2.3358387598	2.8320761132
11.9100000000	2.3643245543	2.8644532577
11.9200000000	2.3931149395	2.8929647508
11.9300000000	2.4221703774	2.9174345933
11.9400000000	2.4514495804	2.9376890290
11.9500000000	2.4809095383	2.9535574381
11.9600000000	2.5105055545	2.9648732962
11.9700000000	2.5401912917	2.9714751938
11.9800000000	2.5699188287	2.9732079136
11.9900000000	2.5996387275	2.9699235627
12.0000000000	2.6293001129	2.9614827517
12.0100000000	2.6588507634	2.9477558145
12.0200000000	2.6882372147	2.9286240621
12.0300000000	2.7174048755	2.9039810579
12.0400000000	2.7462981572	2.8737339074
12.0500000000	2.7748606150	2.8378045469
12.0600000000	2.8030351032	2.7961310208
12.0700000000	2.8307639420	2.7486687315
12.0800000000	2.8579890977	2.6953916478
12.0900000000	2.8846523740	2.6362934558
12.1000000000	2.9106956143	2.5713886348
12.1100000000	2.9360609152	2.5007134428
12.1200000000	2.9606908481	2.4243267937
12.1300000000	2.9845286905	2.3423110094
12.1400000000	3.0075186624	2.2547724307
12.1500000000	3.0296061693	2.1618418721
12.1600000000	3.0507380485	2.0636749043
12.1700000000	3.0708628175	1.9604519538
12.1800000000	3.0899309217	1.8523782065
12.1900000000	3.1078949812	1.7396833082
12.2000000000	3.1247100327	1.6226208534
12.2100000000	3.1403337657	1.5014676604
12.2200000000	3.1547267502	1.3765228311
12.2300000000	3.1678526540	1.2481065964
12.2400000000	3.1796784469	1.1165589555
12.2500000000	3.1901745916	0.9822381136
12.2600000000	3.1993152163	0.8455187339
12.2700000000	3.2070782705	0.7067900150
12.2800000000	3.2134456594	0.5664536139
12.2900000000	3.2184033583	0.4249214341
12.3000000000	3.2219415027	0.2826133010
12.3100000000	3.2240544563	0.1399545504
12.3200000000	3.2247408533	-0.0026264440
12.3300000000	3.2240036164	-0.1447007781
12.3400000000	3.2218499494	-0.2858415291
12.3500000000	3.2182913053	-0.4256262461
12.3600000000	3.2133433288	-0.5636393904
12.3700000000	3.2070257757	-0.6994746992
12.3800000000	3.1993624084	-0.8327374473
12.3900000000	3.1903808702	-0.9630465834
12.4000000000	3.1801125379	-1.0900367200
12.4100000000	3.1685923563	-1.2133599566
12.4200000000	3.1558586550	-1.3326875232
12.4300000000	3.1419529492	-1.4477112285
12.4400000000	3.1269197282	-1.5581447044
12.4500000000	3.1108062311	-1.6637244398
12.4600000000	3.0936622146	-1.7642106016
12.4700000000	3.0755397127	-1.8593876407
12.4800000000	3.0564927917	-1.9490646872
12.4900000000	3.0365773022	-2.0330757406
12.5000000000	3.0158506305	-2.1112796612
12.5100000000	2.9943714509	-2.1835599757
12.5200000000	2.9721994802	-2.2498245068
12.5300000000	2.9493952381	-2.3100048418
12.5400000000	2.9260198119	-2.3640556553
12.5500000000	2.9021346304	-2.4119539016
12.5600000000	2.8778012451	-2.4536978939
12.5700000000	2.8530811217	-2.4893062865
12.5800000000	2.8280354424	-2.5188169775
12.5900000000	2.8027249187	-2.5422859485
12.6000000000	2.7772096173	-2.5597860571
12.6100000000	2.7515487966	-2.5714057976
12.6200000000	2.7258007576	-2.5772480452
12.6300000000	2.7000227056	-2.5774287956
12.6400000000	2.6742706255	-2.5720759139
12.6500000000	2.6485991696	-2.5613279033
12.6600000000	2.6230615568	-2.5453327028
12.6700000000	2.5977094843	-2.5242465240
12.6800000000	2.5725930507	-2.4982327329
12.6900000000	2.5477606893	-2.4674607839
12.7000000000	2.5232591130	-2.4321052102
12.7100000000	2.4991332678	-2.3923446749
12.7200000000	2.4754262959	-2.3483610857
12.7300000000	2.4521795081	-2.3003387738
12.7400000000	2.4294323626	-2.2484637402
12.7500000000	2.4072224523	-2.1929229668
12.7600000000	2.3855854979	-2.1339037942
12.7700000000	2.3645553473	-2.0715933634
12.7800000000	2.3441639801	-2.0061781200
12.7900000000	2.3244415167	-1.9378433795
12.8000000000	2.3054162317	-1.8667729500
12.8100000000	2.2871145704	-1.7931488107
12.8200000000	2.2695611685	-1.7171508423
12.8300000000	2.2527788747	-1.6389566063
12.8400000000	2.2367887741	-1.5587411700
12.8500000000	2.2216102142	-1.4766769745
12.8600000000	2.2072608318	-1.3929337405
12.8700000000	2.1937565801	-1.3076784110
12.8800000000	2.1811117571	-1.2210751256
12.8900000000	2.1693390334	-1.1332852238
12.9000000000	2.1584494799	-1.0444672754
12.9100000000	2.1484525956	-0.9547771324
12.9200000000	2.1393563342	-0.8643680021
12.9300000000	2.1311671303	-0.7733905366
12.9400000000	2.1238899243	-0.6819929382
12.9500000000	2.1175281861	-0.5903210751
12.9600000000	2.1120839384	-0.4985186086
12.9700000000	2.1075577776	-0.4067271260
12.9800000000	2.1039488940	-0.3150862796
12.9900000000	2.1012550906	-0.2237339290
13.0000000000	2.0994728000	-0.1328062830
13.0100000000	2.0985971005	-0.0424380424
13.0200000000	2.0986217302	0.0472374615
13.0300000000	2.0995391004	0.1360881318
13.0400000000	2.1013403069	0.2239829777
13.0500000000	2.1040151407	0.3107919943
13.0600000000	2.1075520971	0.3963860518
13.0700000000	2.1119383841	0.4806367954
13.0800000000	2.1171599298	0.5634165590
13.0900000000	2.1232013886	0.6445982923
13.1000000000	2.1300461473	0.7240555043
13.1100000000	2.1376763305	0.8016622240
13.1200000000	2.1460728053	0.8772929799
13.1300000000	2.1552151870	0.9508227994
13.1400000000	2.1650818434	1.0221272311
13.1500000000	2.1756499008	1.0910823884
13.1600000000	2.1868952495	1.1575650189
13.1700000000	2.1987925511	1.2214525986
13.1800000000	2.2113152459	1.2826234531
13.1900000000	2.2244355623	1.3409569067
13.2000000000	2.2381245278	1.3963334597
13.2100000000	2.2523519816	1.4486349957
13.2200000000	2.2670865896	1.4977450189
13.2300000000	2.2822958619	1.5435489218
13.2400000000	2.2979461732	1.5859342832
13.2500000000	2.3140027864	1.6247911977
13.2600000000	2.3304298793	1.6600126351
13.2700000000	2.3471905754	1.6914948289
13.2800000000	2.3642469786	1.7191376946
13.2900000000	2.3815602123	1.7428452745
13.3000000000	2.3990904626	1.7625262084
13.3100000000	2.4167970274	1.7780942280
13.3200000000	2.4346383694	1.7894686722
13.3300000000	2.4525721747	1.7965750204
13.3400000000	2.4705554176	1.7993454398
13.3500000000	2.4885444295	1.7977193449
13.3600000000	2.5064949746	1.7916439615
13.3700000000	2.5243623309	1.7810748937
13.3800000000	2.5421013766	1.7659766869
13.3900000000	2.5596666823	1.7463233815
13.4000000000	2.5770126089	1.7220990521
13.4100000000	2.5940934102	1.6932983253
13.4200000000	2.6108633412	1.6599268694
13.4300000000	2.6272767706	1.6220018515
13.4400000000	2.6432882982	1.5795523520
13.4500000000	2.6588528756	1.5326197325
13.4600000000	2.6739259308	1.4812579500
13.4700000000	2.6884634952	1.4255338096
13.4800000000	2.7024223337	1.3655271516
13.4900000000	2.7157600750	1.3013309656
13.5000000000	2.7284353437	1.2330514279
13.5100000000	2.7404078919	1.1608078556
13.5200000000	2.7516387303	1.0847325767
13.5300000000	2.7620902566	1.0049707091
13.5400000000	2.7717263829	0.9216798504
13.5500000000	2.7805126576	0.8350296745
13.5600000000	2.7884163844	0.7452014360
13.5700000000	2.7954067351	0.6523873836
13.5800000000	2.8014548561	0.5567900845
13.5900000000	2.8065339677	0.4586216625
13.6000000000	2.8106194562	0.3581029550
13.6100000000	2.8136889557	0.2554625944
13.6200000000	2.8157224217	0.1509360195
13.6300000000	2.8167021935	0.0447644263
13.6400000000	2.8166130470	-0.0628063355
13.6500000000	2.8154422346	-0.1715269093
13.6600000000	2.8131795153	-0.2811456122
13.6700000000	2.8098171714	-0.3914096396
13.6800000000	2.8053500138	-0.5020662825
13.6900000000	2.7997753749	-0.6128641462
13.7000000000	2.7930930894	-0.7235543593
13.7100000000	2.7853054632	-0.8338917633
13.7200000000	2.7764172304	-0.9436360706
13.7300000000	2.7664354990	-1.0525529804
13.7400000000	2.7553696853	-1.1604152455
13.7500000000	2.7432314390	-1.2670036772
13.7600000000	2.7300345573	-1.3721080836
13.7700000000	2.7157948905	-1.4755281321
13.7800000000	2.7005302400	-1.5770741308
13.7900000000	2.6842602477	-1.6765677232
13.8000000000	2.6670062799	-1.7738424931
13.8100000000	2.6487913054	-1.8687444759
13.8200000000	2.6296397682	-1.9611325757
13.8300000000	2.6095774580	-2.0508788867
13.8400000000	2.5886313762	-2.1378689202
13.8500000000	2.5668296017	-2.2220017386
13.8600000000	2.5442011548	-2.3031899985
13.8700000000	2.5207758611	-2.3813599078
13.8800000000	2.4965842171	-2.4564510988
13.8900000000	2.4716572568	-2.5284164241
13.9000000000	2.4460264204	-2.5972216802
13.9100000000	2.4197234270	-2.6628452641
13.9200000000	2.3927801503	-2.7252777708
13.9300000000	2.3652284991	-2.7845215362
13.9400000000	2.3371003020	-2.8405901340
13.9500000000	2.3084271979	-2.8935078318
13.9600000000	2.2792405323	-2.9433090151
13.9700000000	2.2495712584	-2.9900375834
13.9800000000	2.2194498455	-3.0337463264
13.9900000000	2.1889061933	-3.0744962865
14.0000000000	2.1579695525	-3.1123561128
14.0100000000	2.1266684518	-3.1474014116
14.0200000000	2.0950306321	-3.1797141002
14.0300000000	2.0630829858	-3.2093817666
14.0400000000	2.0308515040	-3.2364970412
14.0500000000	1.9983612288	-3.2611569824
14.0600000000	1.9656362120	-3.2834624809
14.0700000000	1.9326994797	-3.3035176847
14.0800000000	1.8995730027	-3.3214294472
14.0900000000	1.8662776718	-3.3373068014
14.1000000000	1.8328332788	-3.3512604597
14.1100000000	1.7992585017	-3.3634023429
14.1200000000	1.7655708954	-3.3738451371
14.1300000000	1.7317868857	-3.3827018810
14.1400000000	1.6979217679	-3.3900855813
14.1500000000	1.6639897089	-3.3961088589
14.1600000000	1.6300037526	-3.4008836233
14.1700000000	1.5959758286	-3.4045207761
14.1800000000	1.5619167639	-3.4071299419
14.1900000000	1.5278362963	-3.4088192261
14.2000000000	1.4937430913	-3.4096949996
14.2100000000	1.4596447601	-3.4098617065
14.2200000000	1.4255478798	-3.4094216970
14.2300000000	1.3914580152	-3.4084750816
14.2400000000	1.3573797414	-3.4071196065
14.2500000000	1.3233166686	-3.4054505486
14.2600000000	1.2892714670	-3.4035606284
14.2700000000	1.2552458923	-3.4015399401
14.2800000000	1.2212408131	-3.3994758964
14.2900000000	1.1872562370	-3.3974531880
14.3000000000	1.1532913388	-3.3955537553
14.3100000000	1.1193444875	-3.3938567714
14.3200000000	1.0854132742	-3.3924386359
14.3300000000	1.0514945402	-3.3913729763
14.3400000000	1.0175844040	-3.3907306581
14.3500000000	0.9836782892	-3.3905798012
14.3600000000	0.9497709521	-3.3909858011
14.3700000000	0.9158565084	-3.3920113553
14.3800000000	0.8819284601	-3.3937164924
14.3900000000	0.8479797223	-3.3961586039
14.4000000000	0.8140026492	-3.3993924777
14.4100000000	0.7799890599	-3.4034703316
14.4200000000	0.7459302640	-3.4084418471
14.4300000000	0.7118170871	-3.4143542023
14.4400000000	0.6776398952	-3.4212521022
14.4500000000	0.6433886194	-3.4291778073
14.4600000000	0.6090527806	-3.4381711592
14.4700000000	0.5746215129	-3.4482696009
14.4800000000	0.5400835884	-3.4595081944
14.4900000000	0.5054274399	-3.4719196317
14.5000000000	0.4706411855	-3.4855342407
14.5100000000	0.4357126516	-3.5003799843
14.5200000000	0.4006293970	-3.5164824530
14.5300000000	0.3653787365	-3.5338648491
14.5400000000	0.3299477647	-3.5525479637
14.5500000000	0.2943233807	-3.5725501438
14.5600000000	0.2584923124	-3.5938872509
14.5700000000	0.2224411418	-3.6165726094
14.5800000000	0.1861563306	-3.6406169440
14.5900000000	0.1496242465	-3.6660283072
14.6000000000	0.1128311905	-3.6928119934
14.6100000000	0.0757634245	-3.7209704425
14.6200000000	0.0384072012	-3.7505031295
14.6300000000	0.0007487936	-3.7814064412
14.6400000000	-0.0372254731	-3.8136735388
14.6500000000	-0.0755291886	-3.8472942065
14.6600000000	-0.1141758228	-3.8822546842
14.6700000000	-0.1531786895	-3.9185374862
14.6800000000	-0.1925509083	-3.9561212025
14.6900000000	-0.2323053642	-3.9949802851
14.7000000000	-0.2724546649	-4.0350848167
14.7100000000	-0.3130110963	-4.0764002635
14.7200000000	-0.3539865745	-4.1188872105
14.7300000000	-0.3953925962	-4.1625010794
14.7400000000	-0.4372401850	-4.2071918302
14.7500000000	-0.4795398355	-4.2529036455
14.7600000000	-0.5223014541	-4.2995745987
14.7700000000	-0.5655342958	-4.3471363060
14.7800000000	-0.6092468978	-4.3955135635
14.7900000000	-0.6534470099	-4.4446239701
14.8000000000	-0.6981415200	-4.4943775383
14.8100000000	-0.7433363768	-4.5446762929
14.8200000000	-0.7890365074	-4.5954138617
14.8300000000	-0.8352457316	-4.6464750594
14.8400000000	-0.8819666714	-4.6977354667
14.8500000000	-0.9292006567	-4.7490610107
14.8600000000	-0.9769476268	-4.8003075478
14.8700000000	-1.0252060274	-4.8513204541
14.8800000000	-1.0739727040	-4.9019342302
14.8900000000	-1.1232427909	-4.9519721232
14.9000000000	-1.1730095974	-5.0012457751
14.9100000000	-1.2232644896	-5.0495549026
14.9200000000	-1.2739967703	-5.0966870174
14.9300000000	-1.3251935551	-5.1424171953
14.9400000000	-1.3768396476	-5.1865079038
14.9500000000	-1.4289174124	-5.2287088972
14.9600000000	-1.4814066481	-5.2687571921
14.9700000000	-1.5342844600	-5.3063771330
14.9800000000	-1.5875251340	-5.3412805616
14.9900000000	-1.6411000132	-5.3731671014
15.0000000000	-1.6949773775	-5.4017245717
15.0100000000	-1.7491223281	-5.4266295437
15.0200000000	-1.8034966787	-5.4475480530
15.0300000000	-1.8580588542	-5.4641364803
15.0400000000	-1.9127637994	-5.4760426149
15.0500000000	-1.9675628993	-5.4829069118
15.0600000000	-2.0224039126	-5.4843639539
15.0700000000	-2.0772309216	-5.4800441288
15.0800000000	-2.1319842990	-5.4695755276
15.0900000000	-2.1866006959	-5.4525860716
15.1000000000	-2.2410130515	-5.4287058677
15.1100000000	-2.2951506277	-5.3975697943
15.1200000000	-2.3489390704	-5.3588203098
15.1300000000	-2.4023005009	-5.3121104771
15.1400000000	-2.4551536370	-5.2571071894
15.1500000000	-2.5074139493	-5.1934945782
15.1600000000	-2.5589938502	-5.1209775788
15.1700000000	-2.6098029211	-5.0392856245
15.1800000000	-2.6597481758	-4.9481764313
15.1900000000	-2.7087343628	-4.8474398331
15.2000000000	-2.7566643054	-4.7369016177
15.2100000000	-2.8034392804	-4.6164273128
15.2200000000	-2.8489594339	-4.4859258622
15.2300000000	-2.8931242332	-4.3453531308
15.2400000000	-2.9358329528	-4.1947151734
15.2500000000	-2.9769851907	-4.0340712005
15.2600000000	-3.0164814143	-3.8635361725
15.2700000000	-3.0542235283	-3.6832829561
15.2800000000	-3.0901154626	-3.4935439789
15.2900000000	-3.1240637740	-3.2946123218
15.3000000000	-3.1559782559	-3.0868421963
15.3100000000	-3.1857725488	-2.8706487607
15.3200000000	-3.2133647459	-2.6465072395
15.3300000000	-3.2386779870	-2.4149513221
15.3400000000	-3.2616410316	-2.1765708281
15.3500000000	-3.2821888054	-1.9320086431
15.3600000000	-3.3002629129	-1.6819569393
15.3700000000	-3.3158121087	-1.4271527150
15.3800000000	-3.3287927201	-1.1683726980
15.3900000000	-3.3391690174	-0.9064276737
15.4000000000	-3.3469135230	-0.6421563127
15.4100000000	-3.3520072587	-0.3764185829
15.4200000000	-3.3544399233	-0.1100888425
15.4300000000	-3.3542100019	0.1559512834
15.4400000000	-3.3513248019	0.4208201322
15.4500000000	-3.3458004175	0.6836432301
15.4600000000	-3.3376616218	0.9435604010
15.4700000000	-3.3269416895	1.1997326525
15.4800000000	-3.3136821521	1.4513487342
15.4900000000	-3.2979324886	1.6976312734
15.5000000000	-3.2797497591	1.9378424053
15.5100000000	-3.2591981833	2.1712888225
15.5200000000	-3.2363486727	2.3973261864
15.5300000000	-3.2112783213	2.6153628541
15.5400000000	-3.1840698633	2.8248628914
15.5500000000	-3.1548111039	3.0253483567
15.5600000000	-3.1235943311	3.2164008540
15.5700000000	-3.0905157150	3.3976623692
15.5800000000	-3.0556747035	3.5688354144
15.5900000000	-3.0191734182	3.7296825169
15.6000000000	-2.9811160600	3.8800250999
15.6100000000	-2.9416083278	4.0197418081
15.6200000000	-2.9007568568	4.1487663396
15.6300000000	-2.8586686805	4.2670848472
15.6400000000	-2.8154507209	4.3747329772
15.6500000000	-2.7712093095	4.4717926117
15.6600000000	-2.7260497422	4.5583883837
15.6700000000	-2.6800758701	4.6346840270
15.6800000000	-2.6333897269	4.7008786248
15.6900000000	-2.5860911946	4.7572028123
15.7000000000	-2.5382777068	4.8039149882
15.7100000000	-2.4900439901	4.8412975789
15.7200000000	-2.4414818417	4.8696534008
15.7300000000	-2.3926799433	4.8893021516
15.7400000000	-2.3437237096	4.9005770644
15.7500000000	-2.2946951680	4.9038217450
15.7600000000	-2.2456728710	4.8993872130
15.7700000000	-2.1967318349	4.8876291590
15.7800000000	-2.1479435065	4.8689054262
15.7900000000	-2.0993757530	4.8435737210
15.8000000000	-2.0510928739	4.8119895537
15.8100000000	-2.0031556324	4.7745044045
15.8200000000	-1.9556213037	4.7314641123
15.8300000000	-1.9085437390	4.6832074746
15.8400000000	-1.8619734413	4.6300650529
15.8500000000	-1.8159576541	4.5723581685
15.8600000000	-1.7705404567	4.5103980796
15.8700000000	-1.7257628695	4.4444853244
15.8800000000	-1.6816629630	4.3749092184
15.8900000000	-1.6382759722	4.3019474915
15.9000000000	-1.5956344138	4.2258660523
15.9100000000	-1.5537682053	4.1469188646
15.9200000000	-1.5127047840	4.0653479265
15.9300000000	-1.4724692272	3.9813833363
15.9400000000	-1.4330843700	3.8952434365
15.9500000000	-1.3945709218	3.8071350236
15.9600000000	-1.3569475811	3.7172536133
15.9700000000	-1.3202311459	3.6257837534
15.9800000000	-1.2844366225	3.5328993740
15.9900000000	-1.2495773293	3.4387641678
16.0000000000	-1.2156649971	3.3435319943
16.0100000000	-1.1827098658	3.2473473002
16.0200000000	-1.1507207759	3.1503455514
16.0300000000	-1.1197052564	3.0526536714
16.0400000000	-1.0896696079	2.9543904811
16.0500000000	-1.0606189817	2.8556671375
16.0600000000	-1.0325574536	2.7565875672
16.0700000000	-1.0054880949	2.6572488918
16.0800000000	-0.9794130379	2.5577418437
16.0900000000	-0.9543335377	2.4581511703
16.1000000000	-0.9302500302	2.3585560241
16.1100000000	-0.9071621864	2.2590303392
16.1200000000	-0.8850689623	2.1596431919
16.1300000000	-0.8639686461	2.0604591457
16.1400000000	-0.8438589017	1.9615385795
16.1500000000	-0.8247368085	1.8629380003
16.1600000000	-0.8065988991	1.7647103382
16.1700000000	-0.7894411937	1.6669052265
16.1800000000	-0.7732592312	1.5695692644
16.1900000000	-0.7580480989	1.4727462657
16.2000000000	-0.7438024588	1.3764774904
16.2100000000	-0.7305165722	1.2808018641
16.2200000000	-0.7181843220	1.1857561813
16.2300000000	-0.7067992329	1.0913752968
16.2400000000	-0.6963544900	0.9976923044
16.2500000000	-0.6868429557	0.9047387031
16.2600000000	-0.6782571846	0.8125445527
16.2700000000	-0.6705894374	0.7211386193
16.2800000000	-0.6638316930	0.6305485104
16.2900000000	-0.6579756594	0.5408008016
16.3000000000	-0.6530127836	0.4519211555
16.3100000000	-0.6489342600	0.3639344319
16.3200000000	-0.6457310381	0.2768647928
16.3300000000	-0.6433938287	0.1907357998
16.3400000000	-0.6419131098	0.1055705067
16.3500000000	-0.6412791309	0.0213915474
16.3600000000	-0.6414819168	-0.0617787815
16.3700000000	-0.6425112710	-0.1439184413
16.3800000000	-0.6443567772	-0.2250055751
16.3900000000	-0.6470078016	-0.3050184352
16.4000000000	-0.6504534927	-0.3839353130
16.4100000000	-0.6546827821	-0.4617344702
16.4200000000	-0.6596843835	-0.5383940734
16.4300000000	-0.6654467917	-0.6138921290
16.4400000000	-0.6719582802	-0.6882064202
16.4500000000	-0.6792068992	-0.7613144452
16.4600000000	-0.6871804720	-0.8331933559
16.4700000000	-0.6958665917	-0.9038198984
16.4800000000	-0.7052526163	-0.9731703535
16.4900000000	-0.7153256643	-1.0412204793
16.5000000000	-0.7260726086	-1.1079454534
16.5100000000	-0.7374800712	-1.1733198170
16.5200000000	-0.7495344157	-1.2373174200
16.5300000000	-0.7622217406	-1.2999113671
16.5400000000	-0.7755278717	-1.3610739660
16.5500000000	-0.7894383535	-1.4207766764
16.5600000000	-0.8039384407	-1.4789900623
16.5700000000	-0.8190130890	-1.5356837454
16.5800000000	-0.8346469453	-1.5908263621
16.5900000000	-0.8508243379	-1.6443855235
16.6000000000	-0.8675292659	-1.6963277785
16.6100000000	-0.8847453885	-1.7466185814
16.6200000000	-0.9024560137	-1.7952222640
16.6300000000	-0.9206440872	-1.8421020127
16.6400000000	-0.9392921807	-1.8872198510
16.6500000000	-0.9583824805	-1.9305366287
16.6600000000	-0.9778967752	-1.9720120175
16.6700000000	-0.9978164444	-2.0116045140
16.6800000000	-1.0181224468	-2.0492714514
16.6900000000	-1.0387953087	-2.0849690190
16.7000000000	-1.0598151127	-2.1186522917
16.7100000000	-1.0811614867	-2.1502752692
16.7200000000	-1.1028135935	-2.1797909258
16.7300000000	-1.1247501207	-2.2071512715
16.7400000000	-1.1469492715	-2.2323074250
16.7500000000	-1.1693887562	-2.2552096986
16.7600000000	-1.1920457845	-2.2758076967
16.7700000000	-1.2148970591	-2.2940504265
16.7800000000	-1.2379187705	-2.3098864241
16.7900000000	-1.2610865925	-2.3232638925
16.8000000000	-1.2843756800	-2.3341308562
16.8100000000	-1.3077606679	-2.3424353283
16.8200000000	-1.3312156722	-2.3481254932
16.8300000000	-1.3547142920	-2.3511499039
16.8400000000	-1.3782296149	-2.3514576926
16.8500000000	-1.4017342237	-2.3489987963
16.8600000000	-1.4252002053	-2.3437241955
16.8700000000	-1.4485991630	-2.3355861656
16.8800000000	-1.4719022302	-2.3245385411
16.8900000000	-1.4950800877	-2.3105369899
16.9000000000	-1.5181029832	-2.2935392991
16.9100000000	-1.5409407542	-2.2735056681
16.9200000000	-1.5635628535	-2.2503990101
16.9300000000	-1.5859383778	-2.2241852587
16.9400000000	-1.6080360997	-2.1948336781
16.9500000000	-1.6298245021	-2.1623171754
16.9600000000	-1.6512718169	-2.1266126122
16.9700000000	-1.6723460652	-2.0877011133
16.9800000000	-1.6930151023	-2.0455683698
16.9900000000	-1.7132466643	-2.0002049346
17.0000000000	-1.7330084184	-1.9516065065
17.0100000000	-1.7522680156	-1.8997742010
17.0200000000	-1.7709931462	-1.8447148043
17.0300000000	-1.7891515978	-1.7864410071
17.0400000000	-1.8067113152	-1.7249716171
17.0500000000	-1.8236404628	-1.6603317444
17.0600000000	-1.8399074880	-1.5925529594
17.0700000000	-1.8554811870	-1.5216734190
17.0800000000	-1.8703307709	-1.4477379593
17.0900000000	-1.8844259327	-1.3707981515
17.1000000000	-1.8977369148	-1.2909123194
17.1100000000	-1.9102345767	-1.2081455161
17.1200000000	-1.9218904619	-1.1225694591
17.1300000000	-1.9326768636	-1.0342624211
17.1400000000	-1.9425668902	-0.9433090763
17.1500000000	-1.9515345279	-0.8498003024
17.1600000000	-1.9595547017	-0.7538329360
17.1700000000	-1.9666033338	-0.6555094846
17.1800000000	-1.9726573980	-0.5549377931
17.1900000000	-1.9776949722	-0.4522306679
17.2000000000	-1.9816952851	-0.3475054600
17.2100000000	-1.9846387598	-0.2408836085
17.2200000000	-1.9865070524	-0.1324901477
17.2300000000	-1.9872830848	-0.0224531808
17.2400000000	-1.9869510734	0.0890966761
17.2500000000	-1.9854965504	0.2020268774
17.2600000000	-1.9829063811	0.3162035523
17.2700000000	-1.9791687732	0.4314921273
17.2800000000	-1.9742732810	0.5477579629
17.2900000000	-1.9682108032	0.6648669966
17.3000000000	-1.9609735731	0.7826863915
17.3100000000	-1.9525551438	0.9010851821
17.3200000000	-1.9429503659	1.0199349140
17.3300000000	-1.9321553596	1.1391102725
17.3400000000	-1.9201674797	1.2584896947
17.3500000000	-1.9069852756	1.3779559614
17.3600000000	-1.8926084447	1.4973967631
17.3700000000	-1.8770377807	1.6167052380
17.3800000000	-1.8602751166	1.7357804757
17.3900000000	-1.8423232627	1.8545279860
17.4000000000	-1.8231859405	1.9728601270
17.4100000000	-1.8028677118	2.0906964919
17.4200000000	-1.7813739049	2.2079642516
17.4300000000	-1.7587105375	2.3245984510
17.4400000000	-1.7348842361	2.4405422582
17.4500000000	-1.7099021542	2.5557471650
17.4600000000	-1.6837718881	2.6701731398
17.4700000000	-1.6565013915	2.7837887299
17.4800000000	-1.6280988896	2.8965711168
17.4900000000	-1.5985727925	3.0085061223
17.5000000000	-1.5679316092	3.1195881678
17.5100000000	-1.5361838614	3.2298201880
17.5200000000	-1.5033379999	3.3392134990
17.5300000000	-1.4694023209	3.4477876237
17.5400000000	-1.4343848852	3.5555700755
17.5500000000	-1.3982934397	3.6625961019
17.5600000000	-1.3611353413	3.7689083906
17.5700000000	-1.3229174841	3.8745567375
17.5800000000	-1.2836462303	3.9795976816
17.5900000000	-1.2433273446	4.0840941055
17.6000000000	-1.2019659331	4.1881148033
17.6100000000	-1.1595663861	4.2917340187
17.6200000000	-1.1161323263	4.3950309519
17.6300000000	-1.0716665619	4.4980892374
17.6400000000	-1.0261710448	4.6009963923
17.6500000000	-0.9796468347	4.7038432351
17.6600000000	-0.9320940691	4.8067232750
17.6700000000	-0.8835119397	4.9097320695
17.6800000000	-0.8338986752	5.0129665509
17.6900000000	-0.7832515310	5.1165243185
17.7000000000	-0.7315667861	5.2205028950
17.7100000000	-0.6788397483	5.3249989436
17.7200000000	-0.6250647660	5.4301074445
17.7300000000	-0.5702352501	5.5359208252
17.7400000000	-0.5143437038	5.6425280421
17.7500000000	-0.4573817621	5.7500136077
17.7600000000	-0.3993402412	5.8584565602
17.7700000000	-0.3402091989	5.9679293686
17.7800000000	-0.2799780062	6.0784967692
17.7900000000	-0.2186354303	6.1902145266
17.8000000000	-0.1561697310	6.3031281140
17.8100000000	-0.0925687709	6.4172713067
17.8200000000	-0.0278201394	6.5326646821
17.8300000000	0.0380887072	6.6493140213
17.8400000000	0.1051702895	6.7672086058
17.8500000000	0.1734369308	6.8863194049
17.8600000000	0.2429005646	7.0065971496
17.8700000000	0.3135725220	7.1279702886
17.8800000000	0.3854632983	7.2503428261
17.8900000000	0.4585822971	7.3735920395
17.9000000000	0.5329375512	7.4975660800
17.9100000000	0.6085354188	7.6220814602
17.9200000000	0.6853802543	7.7469204351
17.9300000000	0.7634740519	7.8718282892
17.9400000000	0.8428160625	7.9965105442
17.9500000000	0.9234023813	8.1206301075
17.9600000000	1.0052255074	8.2438043884
17.9700000000	1.0882738748	8.3656024139
17.9800000000	1.1725313537	8.4855419847
17.9900000000	1.2579767249	8.6030869185
18.0000000000	1.3445831262	8.7176444393
18.0100000000	1.4323174748	8.8285627772
18.0200000000	1.5211398664	8.9351290576
18.0300000000	1.6110029547	9.0365675664
18.0400000000	1.7018513168	9.1320384890
18.0500000000	1.7936208082	9.2206372349
18.0600000000	1.8862379141	9.3013944652
18.0700000000	1.9796191061	9.3732769540
18.0800000000	2.0736702111	9.4351894208
18.0900000000	2.1682858049	9.4859774767
18.1000000000	2.2633486406	9.5244318310
18.1100000000	2.3587291270	9.5492939039
18.1200000000	2.4542848695	9.5592629831
18.1300000000	2.5498602919	9.5530050549
18.1400000000	2.6452863550	9.5291634179
18.1500000000	2.7403803901	9.4863711642
18.1600000000	2.8349460677	9.4232655792
18.1700000000	2.9287735194	9.3385044669
18.1800000000	3.0216396324	9.2307843556
18.1900000000	3.1133085354	9.0988604795
18.2000000000	3.2035322923	8.9415683604
18.2100000000	3.2920518186	8.7578467383
18.2200000000	3.3785980327	8.5467615188
18.2300000000	3.4628932501	8.3075303200
18.2400000000	3.5446528236	8.0395471214
18.2500000000	3.6235870288	7.7424064374
18.2600000000	3.6994031856	7.4159263733
18.2700000000	3.7718080022	7.0601698662
18.2800000000	3.8405101197	6.6754633833
18.2900000000	3.9052228269	6.2624123409
18.3000000000	3.9656669111	5.8219125279
18.3100000000	4.0215735995	5.3551568728
18.3200000000	4.0726875428	4.8636369768
18.3300000000	4.1187697864	4.3491389589
18.3400000000	4.1596006696	3.8137333072
18.3500000000	4.1949825932	3.2597586108
18.3600000000	4.2247425940	2.6897992427
18.3700000000	4.2487346665	2.1066572741
18.3800000000	4.2668417779	1.5133191120
18.3900000000	4.2789775246	0.9129175519
18.4000000000	4.2850873907	0.3086901192
18.4100000000	4.2851495755	-0.2960652757
18.4200000000	4.2791753687	-0.8980362354
18.4300000000	4.2672090633	-1.4939421257
18.4400000000	4.2493274105	-2.0805794641
18.4500000000	4.2256386289	-2.6548652700
18.4600000000	4.1962809953	-3.2138772831
18.4700000000	4.1614210531	-3.7548900859
18.4800000000	4.1212514835	-4.2754063326
18.4900000000	4.0759886913	-4.7731824758
18.5000000000	4.0258701626	-5.2462485890
18.5100000000	3.9711516548	-5.6929220961
18.5200000000	3.9121042800	-6.1118154226
18.5300000000	3.8490115415	-6.5018377741
18.5400000000	3.7821663794	-6.8621914143
18.5500000000	3.7118682805	-7.1923629539
18.5600000000	3.6384204965	-7.4921102651
18.5700000000	3.5621274126	-7.7614457125
18.5800000000	3.4832920987	-8.0006164257
18.5900000000	3.4022140704	-8.2100823510
18.6000000000	3.3191872769	-8.3904927979
18.6100000000	3.2344983285	-8.5426621564
18.6200000000	3.1484249680	-8.6675454003
18.6300000000	3.0612347867	-8.7662139198
18.6400000000	2.9731841777	-8.8398321478
18.6500000000	2.8845175174	-8.8896353589
18.6600000000	2.7954665624	-8.9169089389
18.6700000000	2.7062500449	-8.9229693428
18.6800000000	2.6170734498	-8.9091468844
18.6900000000	2.5281289541	-8.8767704372
18.7000000000	2.4395955096	-8.8271540668
18.7100000000	2.3516390502	-8.7615855671
18.7200000000	2.2644128041	-8.6813168360
18.7300000000	2.1780576934	-8.5875559912
18.7400000000	2.0927028047	-8.4814611097
18.7500000000	2.0084659148	-8.3641354544
18.7600000000	1.9254540563	-8.2366240466
18.7700000000	1.8437641129	-8.0999114354
18.7800000000	1.7634834305	-7.9549205201
18.7900000000	1.6846904356	-7.8025122820
18.8000000000	1.6074552526	-7.6434862905
18.8100000000	1.5318403130	-7.4785818581
18.8200000000	1.4579009493	-7.3084797261
18.8300000000	1.3856859710	-7.1338041754
18.8400000000	1.3152382171	-6.9551254676
18.8500000000	1.2465950829	-6.7729625311
18.8600000000	1.1797890192	-6.5877858191
18.8700000000	1.1148480023	-6.4000202745
18.8800000000	1.0517959742	-6.2100483477
18.8900000000	0.9906532522	-6.0182130205
18.9000000000	0.9314369085	-5.8248207985
18.9100000000	0.8741611206	-5.6301446390
18.9200000000	0.8188374923	-5.4344267914
18.9300000000	0.7654753467	-5.2378815275
18.9400000000	0.7140819936	-5.0406977488
18.9500000000	0.6646629700	-4.8430414593
18.9600000000	0.6172222575	-4.6450580945
18.9700000000	0.5717624774	-4.4468747052
18.9800000000	0.5282850635	-4.2486019909
18.9900000000	0.4867904166	-4.0503361845
19.0000000000	0.4472780402	-3.8521607900
19.0100000000	0.4097466597	-3.6541481750
19.0200000000	0.3741943265	-3.4563610233
19.0300000000	0.3406185078	-3.2588536522
19.0400000000	0.3090161647	-3.0616732006
19.0500000000	0.2793838181	-2.8648606930
19.0600000000	0.2517176055	-2.6684519874
19.0700000000	0.2260133279	-2.4724786132
19.0800000000	0.2022664895	-2.2769685067
19.0900000000	0.1804723307	-2.0819466506
19.1000000000	0.1606258541	-1.8874356260
19.1100000000	0.1427218468	-1.6934560826
19.1200000000	0.1267548973	-1.5000271365
19.1300000000	0.1127194092	-1.3071667009
19.1400000000	0.1006096118	-1.1148917575
19.1500000000	0.0904195683	-0.9232185764
19.1600000000	0.0821431820	-0.7321628905
19.1700000000	0.0757742011	-0.5417400318
19.1800000000	0.0713062219	-0.3519650364
19.1900000000	0.0687326915	-0.1628527241
19.2000000000	0.0680469096	0.0255822393
19.2100000000	0.0692420299	0.2133252933
19.2200000000	0.0723110608	0.4003619381
19.2300000000	0.0772468657	0.5866776910
19.2400000000	0.0840421632	0.7722580364
19.2500000000	0.0926895263	0.9570883636
19.2600000000	0.1031813811	1.1411538877
19.2700000000	0.1155100045	1.3244395475
19.2800000000	0.1296675209	1.5069298758
19.2900000000	0.1456458974	1.6886088364
19.3000000000	0.1634369369	1.8694596233
19.3100000000	0.1830322697	2.0494644179
19.3200000000	0.2044233414	2.2286040991
19.3300000000	0.2276013986	2.4068579025
19.3400000000	0.2525574702	2.5842030242
19.3500000000	0.2792823454	2.7606141666
19.3600000000	0.3077665455	2.9360630214
19.3700000000	0.3380002914	3.1105176870
19.3800000000	0.3699734642	3.2839420184
19.3900000000	0.4036755596	3.4562949052
19.4000000000	0.4390956338	3.6275294776
19.4100000000	0.4762222422	3.7975922367
19.4200000000	0.5150433679	3.9664221099
19.4300000000	0.5555463414	4.1339494291
19.4400000000	0.5977177488	4.3000948329
19.4500000000	0.6415433294	4.4647680933
19.4600000000	0.6870078607	4.6278668684
19.4700000000	0.7340950307	4.7892753847
19.4800000000	0.7827872968	4.9488630522
19.4900000000	0.8330657304	5.1064830187
19.5000000000	0.8849098470	5.2619706689
19.5100000000	0.9382974203	5.4151420788
19.5200000000	0.9932042821	5.5657924350
19.5300000000	1.0496041047	5.7136944328
19.5400000000	1.1074681682	5.8585966680
19.5500000000	1.1667651116	6.0002220418
19.5600000000	1.2274606679	6.1382661993
19.5700000000	1.2895173839	6.2723960273
19.5800000000	1.3528943255	6.4022482396
19.5900000000	1.4175467697	6.5274280814
19.6000000000	1.4834258835	6.6475081903
19.6100000000	1.5504783934	6.7620276521
19.6200000000	1.6186462457	6.8704912979
19.6300000000	1.6878662623	6.9723692888
19.6400000000	1.7580697925	7.0670970416
19.6500000000	1.8291823675	7.1540755497
19.6600000000	1.9011233592	7.2326721588
19.6700000000	1.9738056498	7.3022218558
19.6800000000	2.0471353173	7.3620291346
19.6900000000	2.1210113422	7.4113704966
19.7000000000	2.1953253431	7.4494976485
19.7100000000	2.2699613477	7.4756414500
19.7200000000	2.3447956078	7.4890166626
19.7300000000	2.4196964651	7.4888275391
19.7400000000	2.4945242776	7.4742742857
19.7500000000	2.5691314158	7.4445604105
19.7600000000	2.6433623355	7.3989009590
19.7700000000	2.7170537382	7.3365316131
19.7800000000	2.7900348264	7.2567186111
19.7900000000	2.8621276621	7.1587694149
19.8000000000	2.9331476347	7.0420440276
19.8100000000	3.0029040456	6.9059668288
19.8200000000	3.0712008124	6.7500387680
19.8300000000	3.1378372967	6.5738497219
19.8400000000	3.2026092546	6.3770907928
19.8500000000	3.2653099097	6.1595662961
19.8600000000	3.3257311424	5.9212051631
19.8700000000	3.3836647899	5.6620714646
19.8800000000	3.4389040451	5.3823737521
19.8900000000	3.4912449424	5.0824729090
19.9000000000	3.5404879126	4.7628882144
19.9100000000	3.5864393887	4.4243013374
19.9200000000	3.6289134407	4.0675580124
19.9300000000	3.6677334134	3.6936671868
19.9400000000	3.7027335438	3.3037974833
19.9500000000	3.7337605282	2.8992708843
19.9600000000	3.7606750127	2.4815536151
19.9700000000	3.7833529787	2.0522442782
19.9800000000	3.8016869962	1.6130593731
19.9900000000	3.8155873201	1.1658164124
